// Déplacements de l'unité terrestre 1 sur un horizon temporel (x_1^t, y_1^t) 
(760,380), (740,400), (720,400), (740,400), (760,400), (780,380), (800,360), (800,340), (780,320), (780,340), (800,340), (820,360), (820,340), (820,360), (840,340), (820,360), (820,340), (800,360), (800,380), (780,380), (760,360), (740,380), (740,400), (760,420), (780,420), (760,420), (760,400), (780,380), (800,360), (780,340), (780,360), (760,340), (780,320), (760,340), (780,360), (760,340), (740,360), (720,360), (700,340), (720,320), (700,300), (700,320), (720,320), (740,300), (720,300), (740,280), (760,260), (760,280), (780,300), (780,320), (800,340), (780,340), (800,320), (780,320), (760,340), (740,360), (760,340), (740,340), (720,320), (720,300), (740,320), (740,300), (760,280), (780,300), (800,280), (780,300), (800,320), (780,320), (760,300), (740,280), (760,260), (740,240), (740,260), (720,280), (700,260), (700,280), (700,260), (680,240), (700,240), (720,240), (700,260), (700,240), (680,220), (680,200), (700,220), (680,220), (700,200), (680,220), (660,200), (640,180), (640,200), (620,200), (620,180), (640,180), (640,200), (660,220), (680,200), (660,180), (680,200), (680,180)

// Déplacements de l'unité terrestre 2 sur un horizon temporel (x_2^t, y_2^t) 
(680,380), (660,360), (680,360), (700,360), (720,340), (740,360), (740,380), (740,400), (740,380), (760,380), (760,360), (780,340), (760,320), (780,320), (760,300), (780,320), (760,300), (740,300), (720,320), (700,320), (680,300), (700,300), (680,300), (680,280), (680,260), (660,280), (680,280), (660,260), (680,280), (660,260), (640,280), (640,300), (660,300), (640,280), (640,300), (620,280), (640,280), (660,300), (640,320), (640,300), (620,320), (640,300), (640,320), (620,340), (620,320), (620,300), (620,280), (640,260), (660,260), (640,240), (640,260), (660,240), (680,240), (680,220), (700,240), (680,220), (680,240), (660,240), (660,220), (680,200), (660,200), (680,200), (680,220), (680,240), (660,260), (680,240), (700,260), (680,280), (680,260), (680,240), (660,260), (680,260), (660,280), (640,260), (620,260), (600,280), (600,300), (600,320), (600,300), (580,300), (600,300), (580,300), (600,320), (580,300), (580,320), (580,300), (580,280), (560,280), (560,300), (580,280), (580,300), (560,280), (560,300), (540,280), (540,260), (520,260), (520,240), (520,260), (540,280), (520,300)

// Déplacements de l'unité terrestre 3 sur un horizon temporel (x_3^t, y_3^t) 
(480,920), (480,940), (460,920), (440,940), (420,920), (400,900), (420,880), (400,900), (420,880), (440,860), (460,860), (440,860), (420,880), (400,900), (400,880), (380,900), (360,920), (380,940), (360,920), (380,940), (400,920), (380,920), (380,900), (360,920), (340,920), (340,900), (320,880), (300,880), (280,880), (260,900), (240,920), (220,900), (200,900), (200,880), (180,900), (160,900), (140,900), (140,920), (120,940), (100,920), (80,940), (80,920), (80,900), (80,880), (100,880), (120,860), (140,880), (160,880), (160,900), (160,880), (140,880), (160,860), (180,840), (200,860), (180,880), (180,900), (200,920), (200,940), (200,960), (180,980), (180,960), (180,980), (160,980), (180,980), (180,960), (160,940), (140,920), (160,900), (140,880), (120,860), (100,860), (80,860), (60,860), (80,860), (60,860), (60,840), (60,820), (80,820), (100,840), (120,860), (140,840), (160,840), (140,840), (140,820), (120,820), (100,820), (120,820), (140,800), (120,820), (100,840), (80,820), (100,820), (100,840), (80,820), (100,820), (80,820), (100,800), (80,820), (80,840), (60,820)

// Déplacements de l'unité terrestre 4 sur un horizon temporel (x_4^t, y_4^t) 
(300,820), (300,840), (300,820), (320,820), (300,840), (300,860), (320,880), (340,860), (360,880), (360,860), (380,880), (400,860), (400,880), (400,900), (380,880), (360,880), (340,860), (360,840), (360,860), (360,880), (380,900), (400,900), (420,880), (400,880), (380,880), (360,880), (340,880), (320,860), (340,880), (360,880), (380,900), (400,880), (380,860), (400,880), (380,880), (400,880), (400,860), (420,880), (420,900), (400,900), (420,880), (420,860), (400,860), (420,840), (440,820), (460,840), (460,820), (440,800), (460,800), (460,780), (440,780), (420,780), (400,800), (380,800), (400,800), (400,820), (420,820), (440,840), (440,860), (420,840), (400,860), (380,840), (400,820), (420,800), (420,780), (420,800), (420,820), (440,820), (460,820), (480,840), (460,820), (440,840), (460,820), (480,840), (500,860), (520,860), (540,880), (560,860), (540,880), (520,880), (500,880), (520,880), (500,900), (480,900), (500,900), (500,920), (520,900), (540,920), (540,940), (520,940), (540,940), (520,940), (520,920), (500,940), (520,960), (540,940), (540,960), (540,940), (520,940), (500,920)

// Déplacements de l'unité terrestre 5 sur un horizon temporel (x_5^t, y_5^t) 
(240,500), (220,500), (220,520), (220,500), (240,500), (240,480), (240,500), (260,520), (280,500), (300,480), (280,460), (260,440), (260,420), (240,400), (220,420), (200,400), (220,380), (220,360), (200,360), (220,380), (240,380), (260,360), (260,340), (240,320), (260,300), (260,280), (240,280), (220,280), (220,300), (200,320), (180,300), (180,280), (180,260), (180,280), (160,260), (180,260), (160,240), (180,260), (200,260), (180,280), (200,260), (220,240), (220,260), (200,240), (180,220), (180,200), (160,200), (160,220), (160,240), (140,240), (120,240), (100,240), (80,220), (100,220), (80,200), (60,220), (80,240), (60,240), (40,220), (20,220), (20,200), (20,220), (20,240), (40,240), (40,260), (40,280), (20,280), (40,260), (60,260), (40,280), (20,300), (40,280), (20,260), (20,240), (40,240), (20,220), (20,240), (20,220), (40,240), (40,220), (60,220), (80,240), (100,220), (100,200), (100,180), (120,180), (100,180), (100,160), (80,140), (100,160), (120,160), (120,140), (140,140), (160,160), (160,180), (160,160), (140,140), (120,160), (140,180), (120,160)

// Déplacements de l'unité terrestre 6 sur un horizon temporel (x_6^t, y_6^t) 
(360,920), (340,900), (360,920), (340,900), (360,920), (340,920), (320,920), (320,900), (340,880), (360,860), (380,840), (400,820), (400,840), (380,840), (360,840), (380,840), (360,840), (380,820), (360,800), (360,780), (360,800), (360,820), (380,800), (360,820), (380,820), (380,800), (360,780), (340,760), (320,760), (300,760), (320,740), (340,740), (360,720), (380,700), (380,680), (400,700), (380,700), (380,680), (400,680), (400,700), (420,720), (440,740), (460,740), (480,740), (500,760), (480,760), (500,780), (520,760), (540,760), (560,780), (540,760), (520,780), (520,800), (540,820), (560,840), (540,820), (540,800), (520,800), (520,780), (540,800), (520,820), (540,800), (560,820), (540,820), (520,840), (500,820), (500,800), (480,780), (500,760), (520,780), (540,760), (520,780), (500,780), (520,760), (520,740), (540,740), (540,720), (560,720), (540,700), (540,720), (560,740), (540,720), (520,700), (520,680), (540,680), (540,700), (520,700), (520,720), (540,720), (520,700), (540,720), (520,720), (540,720), (540,700), (560,700), (540,700), (520,680), (500,680), (500,700), (480,720)

// Déplacements de l'unité terrestre 7 sur un horizon temporel (x_7^t, y_7^t) 
(140,240), (140,260), (160,260), (140,280), (120,280), (100,280), (80,260), (60,260), (40,240), (20,260), (40,280), (20,300), (40,280), (20,260), (20,280), (20,260), (40,260), (20,280), (40,300), (60,320), (80,300), (60,280), (40,260), (40,240), (60,240), (40,240), (60,240), (80,240), (100,220), (80,240), (60,240), (40,260), (20,260), (20,280), (40,280), (40,260), (60,260), (40,240), (20,220), (40,200), (60,200), (40,180), (20,200), (40,180), (60,160), (40,160), (20,140), (20,120), (20,140), (40,140), (40,120), (60,100), (40,80), (40,60), (60,60), (80,60), (100,40), (80,40), (100,20), (100,40), (120,60), (100,80), (100,60), (100,40), (120,40), (140,60), (160,40), (140,40), (160,20), (180,20), (180,40), (160,20), (180,20), (180,40), (160,20), (180,40), (160,60), (140,40), (140,20), (120,40), (100,40), (120,60), (140,60), (140,80), (140,60), (160,60), (180,60), (160,40), (160,60), (140,60), (120,40), (140,60), (160,60), (140,40), (160,60), (180,40), (160,40), (140,60), (120,40), (140,60)

// Déplacements de l'unité terrestre 8 sur un horizon temporel (x_8^t, y_8^t) 
(540,900), (560,920), (580,920), (560,920), (560,900), (580,900), (580,920), (600,900), (600,880), (620,860), (640,880), (660,900), (640,880), (660,900), (640,880), (620,900), (640,920), (660,920), (680,920), (660,900), (640,900), (620,880), (640,900), (640,920), (620,920), (620,900), (600,880), (580,860), (580,840), (560,840), (540,840), (560,820), (580,820), (580,840), (600,840), (600,820), (580,800), (560,800), (580,800), (600,800), (600,820), (620,840), (620,820), (600,840), (580,840), (580,820), (560,840), (540,840), (520,820), (500,840), (520,840), (540,860), (520,860), (540,880), (560,860), (580,840), (560,840), (540,840), (520,820), (540,820), (560,820), (580,800), (600,800), (620,780), (640,760), (640,740), (620,740), (640,720), (660,720), (640,720), (660,700), (680,720), (680,700), (660,680), (660,700), (660,680), (640,660), (660,640), (660,620), (680,620), (660,640), (640,660), (640,680), (660,700), (640,700), (620,700), (640,720), (660,740), (680,720), (660,740), (660,720), (640,700), (640,680), (640,660), (640,680), (640,660), (640,680), (640,660), (620,640), (640,640)

// Déplacements de l'unité terrestre 9 sur un horizon temporel (x_9^t, y_9^t) 
(20,960), (40,980), (60,960), (40,980), (60,980), (40,980), (40,960), (40,940), (40,960), (60,980), (60,960), (80,960), (100,940), (120,940), (100,920), (80,940), (100,960), (100,980), (120,960), (120,940), (100,920), (80,940), (80,920), (60,940), (40,960), (40,980), (20,960), (20,980), (40,980), (20,960), (20,980), (20,960), (20,980), (20,960), (20,980), (40,980), (20,960), (40,980), (20,980), (40,960), (20,940), (40,920), (40,900), (60,900), (40,900), (40,920), (60,900), (40,880), (20,900), (40,900), (20,900), (20,920), (40,920), (20,940), (40,940), (60,920), (80,920), (60,900), (80,900), (100,900), (80,920), (60,940), (80,920), (80,900), (100,880), (100,900), (100,880), (120,860), (140,860), (120,860), (100,880), (80,860), (80,840), (80,820), (60,800), (40,800), (60,800), (80,820), (60,820), (60,800), (80,800), (60,780), (80,780), (100,800), (80,820), (60,800), (80,780), (100,780), (80,800), (100,780), (100,800), (120,820), (120,800), (120,780), (140,800), (160,800), (140,820), (120,820), (140,820), (140,840)

// Déplacements de l'unité terrestre 10 sur un horizon temporel (x_10^t, y_10^t) 
(60,180), (80,160), (80,140), (60,160), (60,140), (80,160), (60,160), (40,140), (60,160), (60,180), (80,180), (80,160), (60,180), (80,200), (100,180), (100,200), (100,220), (100,200), (100,220), (120,240), (140,260), (140,240), (120,220), (100,220), (100,240), (120,260), (140,280), (120,280), (100,260), (100,280), (100,260), (120,280), (140,280), (140,300), (160,300), (140,320), (120,300), (140,280), (120,300), (140,320), (160,340), (180,340), (200,360), (200,380), (200,360), (220,360), (220,340), (240,340), (260,320), (260,340), (260,320), (280,300), (300,300), (320,320), (300,340), (300,360), (300,380), (300,360), (320,360), (300,380), (320,380), (320,400), (340,400), (360,400), (380,420), (380,440), (360,420), (360,440), (340,460), (320,460), (300,440), (320,460), (300,440), (300,460), (280,460), (280,440), (280,420), (280,440), (260,460), (240,460), (240,480), (240,460), (260,440), (240,440), (260,440), (240,420), (240,440), (240,460), (260,460), (260,480), (240,500), (220,520), (240,520), (260,500), (260,520), (280,540), (280,560), (260,560), (240,560), (260,580)

