// Déplacements de l'unité terrestre 1 sur un horizon temporel (x_1^t, y_1^t) 
(880,40), (900,60), (880,40), (880,20), (900,40), (880,60), (880,80), (900,80), (880,80), (880,100), (880,120), (900,100), (920,80), (940,100), (920,120), (900,140), (920,120), (900,100), (880,120), (860,140), (840,120), (860,120), (880,100), (860,120), (840,120), (840,140), (860,120), (860,100), (880,100), (900,80), (920,60), (920,40), (940,20), (960,20), (940,20), (920,40), (900,60), (880,80), (860,60), (880,80), (860,60), (860,80), (880,100), (900,120), (880,140), (860,140), (880,140), (880,120), (880,100), (900,120), (920,140), (900,140), (920,160), (920,140), (900,160), (880,140), (860,120), (880,100), (860,120), (880,120), (900,140), (880,160), (860,140), (860,160), (840,160), (840,180), (860,200), (880,220), (900,220), (880,220), (860,200), (840,180), (860,160), (840,180), (860,200), (860,180), (880,160), (880,140), (860,140), (840,160), (840,140), (820,160), (840,140), (860,160), (880,180), (860,200), (880,220), (860,240), (840,260), (820,260), (800,280), (820,280), (840,300), (820,320), (800,340), (800,360), (780,380), (780,360), (800,340), (780,360)

// Déplacements de l'unité terrestre 2 sur un horizon temporel (x_2^t, y_2^t) 
(760,280), (780,300), (760,300), (740,300), (760,320), (780,340), (800,360), (780,380), (780,400), (780,420), (800,420), (820,400), (800,400), (820,380), (800,400), (780,400), (800,420), (820,400), (800,380), (780,400), (760,420), (740,420), (760,440), (740,420), (720,420), (740,420), (760,400), (780,400), (760,420), (780,440), (760,460), (740,440), (740,420), (720,400), (700,420), (720,420), (700,400), (680,380), (660,360), (660,380), (640,360), (620,340), (600,320), (600,340), (580,360), (580,380), (600,360), (620,380), (600,380), (600,360), (580,380), (580,360), (600,360), (600,340), (620,340), (640,360), (660,340), (640,340), (640,360), (620,360), (640,380), (620,360), (620,380), (640,400), (640,380), (660,360), (680,380), (680,400), (700,400), (700,420), (720,420), (700,400), (720,420), (700,440), (680,440), (660,420), (680,440), (700,440), (720,460), (740,480), (760,500), (780,500), (800,480), (800,460), (820,440), (800,440), (820,460), (800,480), (780,500), (800,520), (820,520), (800,540), (800,560), (800,540), (800,520), (780,540), (760,560), (740,540), (760,560), (760,580)

// Déplacements de l'unité terrestre 3 sur un horizon temporel (x_3^t, y_3^t) 
(600,920), (580,900), (580,880), (580,860), (560,840), (580,820), (600,840), (600,860), (620,880), (620,860), (640,880), (660,880), (640,900), (660,900), (680,920), (700,900), (680,920), (700,920), (680,900), (700,920), (680,900), (680,920), (660,940), (640,920), (660,940), (680,940), (700,940), (680,940), (700,960), (720,940), (740,960), (760,960), (780,980), (760,960), (760,940), (760,920), (740,940), (740,920), (720,920), (740,920), (720,920), (700,920), (680,900), (660,880), (660,860), (680,880), (660,880), (640,900), (620,920), (620,900), (640,920), (640,940), (620,960), (640,960), (660,980), (640,960), (640,940), (620,960), (640,960), (620,940), (600,940), (620,920), (620,900), (600,900), (620,920), (600,920), (580,940), (580,920), (580,940), (600,960), (600,940), (580,920), (600,940), (600,960), (620,940), (600,920), (600,940), (600,960), (620,960), (640,960), (620,980), (640,960), (620,960), (640,960), (620,940), (600,960), (600,980), (580,960), (560,980), (540,960), (520,980), (500,960), (520,940), (520,960), (500,960), (480,980), (460,960), (480,960), (500,960), (480,940)

// Déplacements de l'unité terrestre 4 sur un horizon temporel (x_4^t, y_4^t) 
(860,260), (860,280), (860,300), (880,320), (900,320), (920,340), (900,340), (900,320), (880,300), (860,320), (840,300), (840,320), (860,300), (880,300), (880,320), (900,320), (920,320), (940,340), (960,340), (960,360), (980,380), (960,380), (940,400), (920,400), (920,420), (920,440), (920,460), (900,440), (900,420), (920,400), (940,380), (940,400), (960,420), (980,400), (980,380), (980,400), (960,400), (940,420), (960,400), (960,420), (980,440), (960,440), (940,440), (940,420), (960,400), (980,380), (960,400), (980,420), (980,440), (960,460), (980,480), (980,460), (960,460), (960,440), (940,440), (920,460), (940,460), (920,460), (900,440), (880,440), (880,420), (880,440), (900,420), (880,400), (900,400), (900,380), (920,400), (940,420), (920,420), (900,400), (920,400), (900,380), (880,380), (860,360), (860,380), (880,360), (880,340), (860,360), (880,360), (860,360), (880,360), (900,340), (920,320), (940,320), (940,300), (960,300), (960,320), (940,320), (920,320), (940,320), (960,320), (980,340), (980,360), (960,360), (980,360), (980,380), (960,400), (980,400), (980,420), (960,440)

// Déplacements de l'unité terrestre 5 sur un horizon temporel (x_5^t, y_5^t) 
(360,460), (360,480), (360,460), (380,440), (400,440), (420,460), (440,480), (460,500), (440,480), (440,500), (420,520), (400,500), (380,520), (400,520), (420,540), (440,540), (440,520), (460,540), (460,520), (440,540), (420,560), (440,540), (440,520), (420,540), (440,520), (460,540), (460,560), (460,580), (480,600), (500,620), (500,640), (520,620), (520,640), (540,640), (520,640), (540,660), (540,680), (520,680), (500,700), (520,720), (540,720), (520,720), (500,740), (500,720), (520,720), (520,740), (500,720), (480,700), (480,680), (500,700), (520,720), (540,740), (520,740), (520,720), (500,740), (520,760), (500,760), (520,740), (500,740), (520,720), (540,740), (520,720), (540,740), (560,760), (580,740), (560,720), (540,700), (560,680), (560,660), (560,680), (540,680), (520,700), (520,720), (500,720), (480,740), (480,720), (500,740), (520,740), (500,760), (480,740), (460,760), (460,780), (440,800), (440,780), (460,760), (480,760), (460,760), (440,780), (440,800), (420,800), (440,820), (420,840), (420,860), (420,840), (400,820), (420,840), (440,820), (460,800), (440,780), (420,780)

// Déplacements de l'unité terrestre 6 sur un horizon temporel (x_6^t, y_6^t) 
(920,360), (920,340), (900,360), (920,360), (920,380), (920,360), (940,380), (960,380), (980,380), (960,380), (940,400), (960,380), (980,380), (960,380), (980,360), (960,380), (960,400), (940,420), (960,400), (980,380), (960,400), (940,400), (960,400), (940,420), (960,440), (980,460), (960,480), (940,500), (940,480), (940,460), (920,480), (940,480), (960,480), (940,500), (960,520), (980,540), (960,540), (960,560), (980,560), (960,560), (980,580), (960,600), (960,580), (940,600), (920,600), (900,620), (920,620), (940,620), (940,600), (940,580), (960,560), (940,540), (940,520), (940,540), (960,520), (960,540), (940,520), (940,500), (920,500), (940,500), (920,480), (940,460), (940,480), (920,500), (920,520), (920,500), (900,520), (920,540), (940,540), (920,540), (900,560), (880,560), (860,580), (860,600), (860,580), (860,560), (860,540), (860,520), (860,540), (840,560), (820,560), (800,540), (780,520), (800,500), (780,480), (760,460), (760,480), (740,500), (720,500), (740,500), (720,480), (740,500), (760,480), (740,480), (720,480), (740,480), (760,480), (780,480), (800,480), (820,460)

// Déplacements de l'unité terrestre 7 sur un horizon temporel (x_7^t, y_7^t) 
(700,520), (680,540), (660,560), (660,540), (660,560), (680,560), (700,540), (720,560), (740,540), (760,540), (760,520), (740,540), (720,560), (740,580), (720,600), (700,600), (700,580), (680,580), (700,560), (680,560), (700,540), (680,520), (700,520), (720,540), (740,560), (720,580), (740,600), (720,620), (740,600), (720,620), (700,620), (680,600), (700,620), (720,620), (700,620), (680,640), (660,620), (660,600), (660,580), (680,580), (700,600), (680,600), (680,620), (700,600), (680,600), (700,620), (680,640), (660,640), (640,620), (660,640), (680,660), (660,680), (680,700), (680,680), (660,680), (660,700), (680,700), (680,680), (680,660), (680,680), (660,700), (680,680), (660,700), (640,720), (640,700), (640,720), (620,740), (640,760), (620,780), (640,800), (660,820), (680,820), (660,840), (640,820), (620,820), (600,840), (580,840), (560,860), (540,860), (560,840), (560,860), (540,880), (520,880), (500,900), (500,920), (480,900), (460,880), (460,900), (440,920), (440,900), (440,920), (420,940), (420,920), (440,920), (460,920), (440,920), (460,940), (480,920), (480,940), (460,960)

// Déplacements de l'unité terrestre 8 sur un horizon temporel (x_8^t, y_8^t) 
(660,540), (680,540), (700,520), (720,500), (700,520), (720,500), (700,500), (680,520), (660,520), (660,500), (680,520), (660,520), (660,540), (680,540), (660,520), (680,500), (680,480), (680,460), (700,460), (700,480), (680,460), (680,480), (700,480), (680,480), (660,500), (640,480), (620,480), (600,480), (580,480), (580,500), (600,480), (600,460), (580,440), (580,420), (580,400), (600,400), (580,380), (560,380), (560,360), (580,340), (560,320), (540,300), (520,300), (540,280), (560,260), (540,240), (560,220), (540,220), (540,240), (520,220), (520,200), (520,220), (500,200), (480,220), (480,200), (480,220), (500,240), (520,260), (540,260), (520,260), (500,280), (480,300), (500,280), (480,300), (460,280), (460,300), (480,280), (480,260), (500,260), (480,240), (480,220), (500,200), (500,220), (500,200), (480,220), (500,240), (480,220), (480,240), (460,220), (480,220), (480,240), (460,220), (440,240), (440,220), (460,220), (440,200), (420,180), (420,200), (440,220), (420,220), (400,200), (380,200), (380,180), (400,160), (400,180), (380,180), (360,200), (340,180), (320,200), (300,220)

// Déplacements de l'unité terrestre 9 sur un horizon temporel (x_9^t, y_9^t) 
(200,440), (180,460), (200,480), (200,500), (180,520), (160,540), (160,520), (160,540), (180,540), (160,540), (140,520), (120,540), (100,560), (120,560), (140,540), (160,560), (140,540), (160,560), (180,540), (200,540), (180,520), (180,540), (200,520), (220,500), (200,500), (200,520), (220,520), (220,540), (200,540), (200,560), (220,540), (240,520), (260,540), (240,560), (240,540), (260,520), (280,520), (300,540), (280,520), (280,540), (300,540), (280,560), (260,580), (240,600), (240,580), (260,560), (260,540), (240,560), (220,540), (240,520), (220,500), (200,520), (220,500), (200,520), (180,540), (180,520), (160,520), (140,500), (140,480), (120,480), (120,500), (100,500), (100,520), (80,500), (60,520), (40,520), (60,500), (40,500), (60,500), (40,500), (20,520), (40,540), (20,520), (20,540), (40,540), (60,520), (40,500), (60,480), (40,460), (20,440), (20,460), (40,460), (60,480), (40,460), (40,480), (40,500), (40,520), (20,540), (20,520), (20,500), (40,520), (20,520), (40,520), (20,540), (40,540), (60,540), (60,520), (60,540), (80,540), (60,520)

// Déplacements de l'unité terrestre 10 sur un horizon temporel (x_10^t, y_10^t) 
(160,220), (180,240), (180,220), (200,220), (220,240), (200,220), (180,220), (200,220), (200,200), (220,200), (240,200), (220,180), (220,160), (200,140), (220,160), (240,140), (220,140), (200,120), (220,140), (240,160), (220,180), (220,160), (200,180), (180,160), (180,140), (200,120), (180,120), (160,100), (140,100), (120,80), (120,60), (100,60), (100,80), (100,60), (120,40), (100,20), (100,40), (100,60), (100,40), (100,60), (80,80), (60,80), (60,60), (80,60), (60,60), (40,40), (20,60), (40,60), (20,60), (40,40), (20,20), (20,40), (40,60), (40,80), (20,80), (40,80), (60,100), (80,80), (80,60), (100,80), (80,80), (60,100), (60,120), (40,100), (60,80), (40,80), (60,80), (60,60), (80,40), (60,20), (60,40), (40,60), (60,80), (40,100), (20,100), (40,100), (20,100), (20,120), (40,100), (60,100), (80,120), (60,140), (80,140), (60,120), (60,140), (40,140), (20,140), (40,140), (20,140), (40,160), (40,180), (40,200), (60,200), (60,180), (60,200), (80,180), (60,200), (60,220), (80,220), (80,240)

