// Déplacements de l'unité terrestre 1 sur un horizon temporel (x_1^t, y_1^t) 
(100,920), (100,900), (100,920), (80,900), (100,880), (120,900), (100,900), (120,880), (140,900), (140,920), (140,940), (140,960), (160,980), (140,980), (120,960), (100,940), (100,960), (100,980), (100,960), (80,940), (60,960), (80,940), (60,920), (80,940), (100,920), (120,920), (100,900), (80,880), (60,880), (40,880), (40,900), (20,900), (20,920), (40,940), (20,940), (40,960), (20,960), (20,940), (20,960), (20,980), (20,960), (20,940), (20,960), (40,980), (20,980), (40,980), (40,960), (60,940), (80,960), (100,980), (100,960), (120,980), (140,960), (140,940), (160,920), (160,940), (160,960), (180,960), (160,960), (180,940), (180,920), (200,920), (200,900), (200,920), (220,920), (200,920), (220,900), (200,900), (200,920), (180,940), (160,940), (160,960), (140,960), (160,980), (160,960), (140,940), (120,920), (120,940), (140,960), (140,980), (120,980), (100,960), (100,940), (80,920), (60,940), (80,940), (100,960), (120,960), (140,960), (140,940), (140,960), (140,940), (120,960), (120,980), (100,960), (120,940), (140,960), (120,980), (140,960), (140,980)

// Déplacements de l'unité terrestre 2 sur un horizon temporel (x_2^t, y_2^t) 
(720,940), (720,960), (740,980), (720,980), (700,960), (720,980), (720,960), (700,940), (680,960), (680,980), (700,980), (680,980), (700,960), (700,940), (680,920), (700,900), (700,880), (680,860), (700,880), (700,860), (720,840), (700,860), (720,840), (720,860), (720,840), (720,860), (720,880), (720,860), (700,860), (700,840), (700,820), (720,820), (740,840), (760,820), (740,840), (740,820), (720,820), (720,800), (740,820), (760,840), (780,820), (800,800), (780,780), (760,780), (740,800), (760,780), (760,800), (760,820), (760,800), (760,780), (780,760), (800,760), (820,780), (840,780), (840,760), (860,760), (840,760), (860,740), (860,760), (840,760), (840,740), (840,720), (860,700), (860,680), (880,660), (880,640), (900,640), (900,620), (920,640), (900,640), (880,620), (900,600), (900,620), (900,600), (880,600), (860,620), (860,640), (880,640), (860,660), (860,640), (840,660), (840,680), (860,680), (860,660), (880,680), (860,700), (880,720), (880,700), (880,720), (900,740), (880,720), (900,720), (900,740), (900,720), (920,700), (900,700), (880,680), (860,680), (880,660), (880,680)

// Déplacements de l'unité terrestre 3 sur un horizon temporel (x_3^t, y_3^t) 
(720,880), (740,900), (740,880), (760,900), (780,920), (800,940), (820,960), (840,980), (840,960), (820,980), (840,960), (860,980), (840,960), (840,940), (860,960), (840,940), (860,960), (880,980), (860,960), (840,960), (820,940), (800,920), (780,940), (780,920), (760,900), (780,880), (800,860), (780,840), (760,840), (740,860), (720,860), (720,880), (700,880), (720,860), (740,840), (720,820), (740,820), (740,840), (720,840), (700,840), (720,840), (740,860), (720,880), (720,860), (720,840), (740,820), (760,840), (740,820), (740,800), (720,800), (720,780), (700,780), (680,780), (660,800), (640,780), (620,800), (640,780), (640,760), (660,760), (640,760), (620,760), (640,780), (620,780), (640,760), (620,740), (620,720), (620,740), (640,740), (660,760), (680,740), (680,720), (680,740), (660,760), (660,740), (680,740), (700,760), (720,760), (700,780), (720,780), (740,800), (760,800), (780,800), (800,800), (820,800), (840,780), (840,800), (860,820), (860,800), (840,780), (820,780), (820,760), (840,760), (840,780), (860,800), (840,800), (820,820), (800,800), (780,820), (760,800), (740,800)

// Déplacements de l'unité terrestre 4 sur un horizon temporel (x_4^t, y_4^t) 
(880,260), (880,240), (880,260), (860,240), (860,220), (880,220), (860,240), (860,220), (840,220), (820,200), (800,180), (800,160), (820,160), (840,140), (840,120), (820,140), (820,120), (800,100), (820,80), (840,60), (820,40), (800,60), (780,60), (760,60), (740,40), (760,40), (740,40), (720,60), (720,80), (740,60), (740,80), (760,60), (780,80), (760,80), (780,80), (800,100), (800,120), (820,140), (800,140), (820,120), (800,140), (780,140), (800,120), (780,120), (760,140), (740,140), (760,160), (740,160), (740,140), (760,140), (740,160), (740,140), (720,120), (700,120), (720,120), (740,100), (720,120), (740,140), (740,160), (740,180), (760,180), (740,200), (720,200), (740,180), (740,200), (720,200), (740,200), (740,220), (720,240), (700,260), (720,260), (740,260), (720,280), (740,280), (720,260), (700,260), (680,280), (660,300), (660,320), (640,340), (660,340), (680,360), (700,380), (720,380), (720,400), (740,420), (720,440), (740,440), (760,460), (740,480), (760,480), (740,460), (740,480), (720,480), (720,500), (700,520), (700,540), (720,520), (720,540), (700,520)

// Déplacements de l'unité terrestre 5 sur un horizon temporel (x_5^t, y_5^t) 
(880,280), (860,280), (860,260), (840,260), (820,260), (820,240), (840,260), (860,280), (840,260), (840,280), (860,260), (880,280), (900,300), (880,300), (880,280), (900,300), (880,300), (860,320), (840,340), (820,360), (800,380), (820,380), (820,360), (840,360), (860,380), (880,360), (860,360), (860,380), (880,400), (900,420), (900,440), (900,420), (920,440), (920,460), (940,480), (920,460), (900,460), (900,440), (920,460), (900,460), (880,460), (860,480), (880,460), (900,440), (900,420), (920,420), (900,400), (900,380), (880,400), (860,380), (880,380), (860,360), (860,340), (880,360), (900,380), (900,400), (920,400), (940,380), (960,380), (980,380), (960,380), (960,360), (940,360), (960,380), (960,360), (940,380), (920,380), (940,380), (920,400), (920,380), (900,360), (920,380), (900,360), (920,360), (900,360), (880,340), (860,360), (840,340), (860,340), (860,360), (840,360), (820,360), (840,340), (820,340), (840,360), (820,380), (820,360), (800,380), (820,400), (840,380), (820,360), (840,360), (860,380), (840,380), (860,400), (840,420), (820,420), (820,440), (840,420), (860,420)

// Déplacements de l'unité terrestre 6 sur un horizon temporel (x_6^t, y_6^t) 
(280,100), (280,120), (280,140), (300,120), (320,140), (320,160), (340,140), (340,120), (360,100), (340,120), (360,100), (340,80), (360,100), (380,80), (380,60), (360,60), (380,40), (400,40), (400,60), (380,40), (360,60), (340,40), (320,40), (340,20), (320,20), (320,40), (340,60), (360,80), (360,60), (360,80), (380,100), (360,120), (340,100), (320,120), (320,140), (340,120), (360,140), (340,120), (340,140), (320,140), (340,140), (360,120), (380,100), (400,120), (380,100), (360,100), (360,80), (340,60), (360,40), (340,20), (340,40), (320,40), (300,40), (280,40), (300,40), (300,60), (300,80), (300,100), (300,120), (280,140), (260,140), (240,140), (240,120), (260,100), (260,80), (280,80), (280,60), (260,40), (280,20), (300,20), (320,20), (300,40), (300,20), (280,40), (300,40), (300,20), (280,20), (260,40), (260,20), (280,40), (280,20), (280,40), (260,60), (280,80), (280,60), (260,80), (260,100), (260,120), (240,100), (240,120), (220,120), (220,140), (220,120), (220,140), (200,140), (220,120), (240,120), (240,140), (240,160), (260,140)

// Déplacements de l'unité terrestre 7 sur un horizon temporel (x_7^t, y_7^t) 
(560,440), (560,460), (540,480), (520,480), (500,500), (500,480), (480,500), (460,520), (440,500), (440,520), (460,500), (480,500), (480,480), (500,500), (500,520), (480,520), (480,500), (480,520), (460,500), (440,520), (420,500), (440,480), (440,500), (440,520), (420,500), (400,500), (380,500), (360,520), (340,500), (340,480), (320,460), (300,460), (300,480), (280,480), (260,480), (260,460), (260,440), (280,460), (300,460), (320,440), (340,440), (320,460), (340,460), (340,440), (360,460), (340,460), (320,480), (300,500), (320,500), (320,480), (340,480), (340,500), (320,500), (320,480), (340,500), (320,480), (300,480), (300,500), (320,520), (320,540), (300,540), (300,520), (280,520), (280,540), (300,560), (280,540), (300,520), (320,500), (300,520), (280,540), (260,560), (260,580), (260,600), (280,620), (300,620), (280,640), (300,640), (300,620), (300,640), (280,660), (260,640), (260,620), (280,600), (280,620), (280,640), (260,620), (280,620), (300,620), (280,600), (260,600), (280,620), (260,620), (240,620), (220,600), (200,620), (180,620), (200,620), (200,600), (220,600), (240,600)

// Déplacements de l'unité terrestre 8 sur un horizon temporel (x_8^t, y_8^t) 
(880,540), (860,560), (860,540), (860,560), (840,580), (840,560), (820,540), (800,520), (780,500), (780,480), (800,480), (780,500), (800,480), (800,500), (820,500), (800,480), (820,460), (840,440), (840,420), (820,420), (840,420), (820,400), (840,380), (860,400), (840,380), (820,400), (820,380), (820,360), (820,340), (820,320), (820,300), (820,320), (800,300), (820,320), (840,320), (820,340), (800,320), (800,340), (820,340), (820,320), (820,340), (820,320), (840,340), (860,340), (880,360), (860,380), (860,360), (880,340), (860,360), (860,380), (840,360), (860,360), (840,360), (860,360), (880,340), (880,360), (900,340), (880,360), (880,380), (880,400), (880,380), (900,360), (920,380), (940,400), (960,420), (980,440), (960,460), (960,440), (940,420), (920,400), (940,400), (960,420), (940,400), (920,380), (940,360), (960,360), (960,380), (980,400), (980,420), (960,420), (980,400), (960,420), (960,440), (980,420), (980,440), (960,420), (940,420), (960,440), (980,440), (960,420), (960,440), (940,420), (960,400), (940,400), (920,400), (940,420), (920,420), (940,440), (940,420), (920,400)

// Déplacements de l'unité terrestre 9 sur un horizon temporel (x_9^t, y_9^t) 
(60,820), (40,800), (20,780), (40,780), (40,760), (40,780), (20,780), (20,800), (20,780), (20,760), (20,780), (40,760), (60,740), (60,720), (40,740), (60,760), (40,740), (20,760), (40,740), (20,720), (40,720), (60,720), (80,700), (100,680), (100,660), (100,640), (120,640), (100,620), (80,620), (60,640), (40,620), (20,620), (40,600), (60,580), (80,600), (80,580), (80,560), (100,540), (120,560), (140,560), (160,540), (180,520), (180,540), (200,540), (200,560), (220,540), (240,540), (220,520), (220,540), (240,520), (220,500), (200,520), (200,540), (220,540), (220,560), (240,560), (260,560), (280,580), (260,560), (280,580), (280,600), (300,580), (300,560), (320,540), (320,560), (340,560), (340,580), (360,600), (340,600), (320,620), (300,600), (280,580), (260,600), (260,580), (280,560), (280,580), (300,580), (320,560), (300,540), (300,560), (320,580), (300,600), (320,600), (340,600), (360,600), (340,600), (360,620), (380,640), (400,660), (400,680), (380,700), (400,680), (400,700), (380,720), (400,740), (400,760), (400,740), (380,740), (400,720), (400,700)

// Déplacements de l'unité terrestre 10 sur un horizon temporel (x_10^t, y_10^t) 
(500,920), (500,940), (480,940), (480,960), (480,940), (460,940), (480,960), (500,960), (520,940), (540,940), (520,960), (500,940), (520,960), (500,940), (480,920), (500,900), (480,880), (460,880), (440,900), (420,880), (420,860), (400,880), (420,900), (440,900), (440,920), (420,900), (400,900), (420,880), (440,900), (420,920), (420,900), (400,920), (420,940), (420,920), (420,900), (400,920), (380,900), (400,880), (420,900), (400,880), (400,860), (420,840), (400,840), (380,860), (380,840), (360,820), (380,840), (380,860), (400,840), (420,860), (440,840), (420,860), (440,860), (420,880), (440,880), (460,860), (440,860), (460,880), (480,880), (500,860), (500,880), (480,880), (480,860), (460,840), (480,840), (500,860), (500,840), (520,840), (500,860), (480,880), (500,900), (520,920), (520,940), (540,940), (520,960), (500,940), (520,960), (500,940), (520,960), (520,980), (500,960), (520,940), (520,960), (520,940), (500,960), (480,960), (500,960), (480,940), (480,920), (460,920), (440,920), (420,920), (440,920), (460,920), (440,920), (460,940), (440,960), (420,940), (440,960), (420,980)

