// Déplacements de l'unité terrestre 1 sur un horizon temporel (x_1^t, y_1^t) 
(320,840), (300,820), (280,800), (260,800), (260,780), (240,800), (260,780), (260,760), (260,740), (240,760), (260,760), (260,740), (240,720), (260,700), (240,680), (260,660), (260,640), (280,660), (300,680), (280,700), (300,720), (320,720), (300,740), (280,740), (260,760), (240,740), (240,720), (240,700), (260,720), (280,700), (260,680), (240,700), (260,680), (280,700), (260,700), (280,720), (300,700), (320,680), (340,660), (360,680), (340,680), (340,700), (320,680), (340,660), (340,680), (360,700), (380,720), (400,740), (420,740), (440,760), (460,760), (440,760), (420,780), (440,800), (460,820), (440,840), (440,860), (420,860), (440,840), (460,840), (440,840), (460,820), (440,820), (440,800), (420,820), (400,840), (400,860), (400,880), (400,900), (400,920), (420,940), (400,920), (420,940), (400,920), (420,920), (420,900), (440,920), (440,940), (460,960), (440,940), (420,920), (420,940), (420,960), (420,980), (440,980), (460,960), (480,940), (480,920), (460,900), (460,880), (460,900), (480,900), (480,880), (480,860), (460,880), (440,880), (460,900), (440,920), (440,940), (460,920)

// Déplacements de l'unité terrestre 2 sur un horizon temporel (x_2^t, y_2^t) 
(200,180), (220,160), (240,180), (240,160), (260,160), (260,180), (280,200), (300,200), (300,220), (300,240), (280,260), (260,280), (240,260), (220,280), (200,280), (220,260), (200,280), (180,300), (180,280), (180,300), (200,280), (220,280), (200,300), (180,300), (160,300), (140,320), (140,300), (120,300), (140,300), (120,300), (100,300), (100,320), (80,300), (60,280), (40,300), (20,300), (20,320), (40,320), (60,340), (40,360), (40,340), (40,320), (60,300), (80,320), (100,320), (120,340), (120,320), (120,300), (140,300), (160,280), (180,260), (160,280), (140,260), (160,240), (180,260), (200,260), (220,240), (240,260), (220,260), (200,260), (180,280), (160,280), (180,280), (200,300), (220,320), (200,340), (200,320), (200,300), (200,280), (180,300), (200,280), (180,300), (160,280), (140,300), (120,320), (140,320), (160,300), (160,280), (160,260), (180,240), (200,260), (180,260), (160,280), (180,260), (160,240), (140,240), (120,220), (120,240), (120,260), (100,260), (100,240), (100,220), (120,220), (140,240), (160,240), (180,260), (200,280), (200,260), (180,260), (160,240)

// Déplacements de l'unité terrestre 3 sur un horizon temporel (x_3^t, y_3^t) 
(460,880), (480,860), (460,880), (480,900), (480,920), (500,940), (520,940), (500,960), (520,960), (540,980), (540,960), (520,980), (540,980), (520,980), (540,980), (520,980), (500,960), (500,980), (480,980), (480,960), (460,940), (440,920), (460,920), (460,940), (440,940), (460,940), (480,960), (460,980), (460,960), (460,940), (480,940), (500,920), (480,920), (460,940), (460,920), (460,940), (480,920), (460,940), (440,940), (420,960), (440,940), (460,960), (440,980), (440,960), (420,940), (420,960), (400,980), (420,960), (420,980), (400,980), (400,960), (380,940), (360,960), (340,960), (320,940), (340,960), (320,940), (340,920), (340,940), (360,920), (380,940), (360,960), (340,960), (340,940), (360,920), (380,900), (360,880), (360,860), (380,880), (400,880), (380,880), (360,880), (340,860), (360,880), (380,880), (380,860), (380,840), (400,840), (400,860), (380,880), (400,860), (400,880), (380,860), (380,880), (400,880), (380,900), (360,900), (360,920), (380,920), (360,940), (380,960), (360,980), (380,980), (360,960), (380,960), (400,940), (420,940), (400,940), (380,940), (380,960)

// Déplacements de l'unité terrestre 4 sur un horizon temporel (x_4^t, y_4^t) 
(500,380), (520,400), (540,400), (560,420), (560,400), (540,380), (520,360), (500,360), (520,380), (520,360), (520,340), (540,360), (520,380), (500,380), (500,400), (520,380), (540,400), (520,420), (540,400), (520,400), (500,400), (520,400), (520,380), (540,360), (560,360), (580,360), (600,340), (620,320), (640,300), (640,320), (660,300), (680,280), (700,260), (680,260), (700,260), (680,260), (660,240), (680,240), (660,240), (660,260), (640,280), (660,260), (660,240), (640,220), (620,200), (620,220), (620,200), (600,200), (600,220), (580,220), (560,240), (540,260), (560,240), (540,220), (540,240), (520,240), (540,220), (540,200), (560,200), (540,180), (520,200), (520,220), (540,240), (540,260), (560,240), (560,260), (540,260), (540,280), (560,260), (560,280), (540,280), (540,300), (520,300), (540,300), (520,300), (540,320), (540,300), (520,320), (540,320), (520,300), (500,280), (480,300), (500,300), (480,280), (460,260), (460,240), (440,220), (440,200), (460,180), (460,160), (440,160), (440,180), (420,200), (400,180), (380,200), (400,220), (400,200), (380,220), (400,200), (400,180)

// Déplacements de l'unité terrestre 5 sur un horizon temporel (x_5^t, y_5^t) 
(160,840), (140,860), (160,840), (160,860), (160,880), (160,860), (140,880), (140,900), (120,920), (100,920), (80,900), (100,920), (80,920), (60,900), (40,920), (20,940), (40,960), (20,960), (40,940), (20,960), (40,960), (40,980), (20,980), (40,960), (40,940), (20,920), (20,900), (40,920), (40,900), (60,920), (40,920), (60,940), (80,940), (100,960), (80,940), (100,940), (120,920), (100,940), (100,920), (80,900), (100,880), (100,900), (120,900), (100,900), (120,920), (100,920), (80,920), (100,920), (100,940), (120,920), (120,900), (100,900), (120,920), (140,940), (140,920), (160,920), (140,900), (120,900), (140,920), (160,920), (140,940), (120,960), (100,980), (80,980), (60,980), (40,960), (60,940), (40,960), (40,980), (20,980), (20,960), (40,980), (20,960), (40,980), (60,960), (60,980), (40,960), (20,980), (40,980), (20,980), (40,960), (60,980), (40,960), (60,960), (60,980), (80,980), (100,980), (120,980), (140,980), (120,960), (100,940), (80,940), (60,920), (60,900), (60,920), (60,940), (40,960), (60,940), (40,940), (20,940)

// Déplacements de l'unité terrestre 6 sur un horizon temporel (x_6^t, y_6^t) 
(640,160), (660,140), (640,140), (620,140), (640,160), (660,140), (640,160), (660,160), (640,160), (640,140), (620,160), (640,140), (660,120), (640,140), (640,160), (660,160), (680,140), (700,120), (720,140), (700,160), (680,160), (680,180), (680,160), (660,180), (640,200), (620,180), (640,200), (640,220), (660,200), (640,220), (620,220), (640,240), (660,220), (640,220), (660,240), (680,240), (680,260), (700,260), (720,260), (740,260), (720,260), (740,260), (760,280), (760,300), (780,280), (800,280), (800,260), (800,240), (820,240), (820,260), (820,280), (840,300), (820,300), (820,320), (840,340), (820,320), (820,340), (820,360), (840,340), (820,340), (840,320), (840,340), (820,320), (800,320), (800,300), (800,320), (780,320), (800,320), (780,300), (760,300), (760,280), (760,260), (740,260), (720,240), (740,260), (760,240), (780,220), (800,200), (780,180), (760,180), (740,200), (760,220), (780,200), (780,180), (780,200), (760,200), (780,220), (800,240), (820,220), (840,220), (820,240), (820,260), (840,240), (860,220), (860,200), (880,180), (900,160), (900,140), (920,140), (900,160)

// Déplacements de l'unité terrestre 7 sur un horizon temporel (x_7^t, y_7^t) 
(780,660), (800,660), (800,640), (800,620), (820,600), (820,620), (800,600), (780,580), (780,600), (800,600), (800,620), (780,600), (780,580), (760,580), (740,580), (720,580), (720,600), (720,580), (740,560), (740,580), (740,600), (760,620), (780,640), (800,660), (780,660), (760,660), (740,660), (740,680), (720,660), (740,660), (720,680), (740,680), (720,680), (740,680), (720,680), (700,700), (720,720), (700,720), (720,740), (740,740), (760,740), (740,760), (760,780), (780,800), (800,820), (780,800), (760,820), (740,800), (720,780), (720,760), (720,740), (740,720), (720,740), (720,720), (700,700), (680,680), (700,680), (720,680), (740,680), (720,660), (720,640), (740,640), (720,620), (720,640), (700,660), (700,640), (700,660), (700,680), (720,660), (700,640), (700,620), (700,600), (720,620), (700,600), (700,580), (680,580), (700,580), (680,560), (700,540), (680,540), (660,560), (640,560), (620,560), (620,580), (600,560), (620,540), (640,540), (660,520), (680,540), (680,560), (700,560), (720,560), (740,560), (720,540), (720,560), (740,560), (720,580), (700,580), (720,580), (720,560)

// Déplacements de l'unité terrestre 8 sur un horizon temporel (x_8^t, y_8^t) 
(280,100), (260,100), (280,100), (300,80), (280,80), (300,100), (320,100), (300,100), (280,100), (280,120), (300,120), (320,140), (340,140), (360,120), (340,140), (320,120), (340,100), (340,120), (320,120), (320,100), (340,80), (320,100), (320,80), (300,100), (320,100), (300,80), (280,100), (280,120), (280,100), (280,80), (260,100), (280,100), (260,80), (240,60), (260,40), (280,20), (280,40), (260,20), (260,40), (260,60), (240,40), (260,60), (240,60), (240,80), (260,100), (240,80), (260,100), (280,100), (300,120), (300,100), (280,100), (300,80), (280,80), (260,60), (280,60), (300,60), (320,40), (300,40), (320,20), (300,20), (320,20), (300,40), (320,40), (300,40), (280,40), (260,20), (280,40), (260,40), (260,60), (260,40), (260,20), (280,20), (280,40), (300,40), (320,60), (320,80), (300,60), (280,80), (260,100), (240,80), (220,80), (240,100), (220,120), (240,140), (220,120), (200,120), (220,140), (240,120), (220,100), (200,100), (220,120), (240,120), (240,140), (240,160), (240,140), (220,120), (220,100), (200,80), (180,80), (180,100)

// Déplacements de l'unité terrestre 9 sur un horizon temporel (x_9^t, y_9^t) 
(940,40), (920,60), (920,80), (900,60), (880,60), (900,80), (880,100), (900,100), (880,100), (900,120), (880,120), (860,140), (840,160), (820,180), (800,160), (820,140), (800,160), (820,180), (840,180), (820,180), (800,200), (800,180), (780,160), (760,140), (780,160), (760,160), (760,140), (780,160), (760,140), (740,120), (760,140), (760,120), (740,100), (760,100), (760,80), (780,80), (760,100), (740,100), (760,100), (780,100), (780,80), (800,100), (780,100), (800,120), (800,100), (800,80), (820,80), (840,80), (860,60), (840,80), (840,60), (840,80), (860,80), (840,60), (820,60), (820,40), (800,60), (780,40), (780,60), (780,80), (800,80), (780,100), (760,80), (780,60), (760,80), (780,60), (800,40), (780,40), (780,60), (780,40), (760,20), (740,40), (720,40), (700,20), (720,20), (700,20), (680,40), (700,60), (680,40), (660,60), (680,60), (660,40), (640,60), (620,60), (620,80), (600,60), (580,60), (560,80), (580,100), (580,80), (600,80), (620,80), (600,80), (600,60), (620,60), (620,40), (640,60), (620,80), (640,60), (620,40)

// Déplacements de l'unité terrestre 10 sur un horizon temporel (x_10^t, y_10^t) 
(960,520), (960,540), (960,520), (960,500), (980,520), (960,500), (980,520), (960,520), (980,520), (960,520), (940,500), (920,520), (940,540), (940,560), (940,580), (920,580), (940,600), (960,600), (960,580), (960,600), (980,600), (960,600), (940,600), (940,580), (940,600), (960,580), (980,560), (980,580), (980,600), (960,600), (940,600), (960,600), (960,620), (980,640), (980,620), (960,640), (960,660), (960,680), (980,700), (980,680), (960,660), (940,680), (920,680), (900,680), (900,660), (880,660), (860,660), (860,640), (840,620), (860,600), (840,620), (840,640), (820,620), (820,640), (840,640), (820,620), (820,600), (840,580), (820,580), (820,600), (800,620), (820,620), (840,620), (820,640), (800,660), (820,640), (800,620), (780,600), (760,600), (740,620), (720,640), (700,660), (680,680), (680,700), (660,720), (660,740), (680,720), (700,740), (700,720), (720,700), (740,680), (760,700), (740,700), (720,680), (700,660), (680,640), (700,660), (680,640), (660,640), (640,620), (620,640), (600,620), (580,640), (560,640), (540,660), (560,640), (540,620), (560,640), (560,620), (580,620)

