// Déplacements de l'unité terrestre 1 sur un horizon temporel (x_1^t, y_1^t) 
(480,840), (460,840), (440,820), (420,840), (400,860), (380,860), (380,840), (380,820), (360,800), (380,800), (400,820), (380,820), (400,820), (380,820), (360,840), (340,840), (320,820), (340,840), (360,840), (340,820), (360,840), (340,820), (320,820), (340,820), (360,800), (340,780), (320,780), (340,780), (360,780), (340,800), (360,820), (360,840), (340,820), (320,800), (320,820), (340,820), (320,820), (320,840), (300,820), (300,840), (280,840), (260,840), (260,820), (280,840), (300,860), (320,840), (320,820), (340,800), (360,820), (340,800), (360,780), (340,780), (320,760), (300,780), (280,760), (300,760), (300,740), (300,760), (300,780), (300,800), (280,820), (260,840), (240,860), (260,860), (260,840), (240,840), (220,860), (240,880), (240,860), (260,880), (260,900), (240,900), (260,880), (240,880), (260,900), (260,920), (280,920), (280,940), (280,920), (280,900), (260,900), (260,880), (240,900), (260,900), (240,900), (260,900), (240,920), (260,940), (240,960), (260,940), (280,940), (300,960), (280,980), (300,960), (280,960), (260,940), (240,920), (260,900), (240,900), (220,900)

// Déplacements de l'unité terrestre 2 sur un horizon temporel (x_2^t, y_2^t) 
(580,440), (560,440), (580,420), (580,400), (600,420), (620,400), (640,380), (640,360), (660,340), (640,340), (620,360), (620,340), (620,320), (600,300), (580,300), (560,320), (540,340), (560,320), (560,340), (540,360), (520,360), (520,380), (520,400), (540,420), (540,440), (520,420), (540,440), (540,460), (520,460), (540,440), (540,420), (520,440), (520,420), (540,400), (560,400), (540,380), (560,380), (560,360), (560,340), (540,360), (540,340), (520,320), (540,300), (520,300), (520,280), (500,260), (520,260), (540,240), (520,220), (500,240), (520,260), (540,280), (540,260), (560,280), (560,300), (580,320), (600,340), (600,360), (580,360), (600,360), (580,340), (560,360), (580,360), (560,340), (560,360), (580,340), (600,360), (620,380), (620,400), (620,420), (620,400), (600,380), (620,380), (600,380), (620,360), (600,360), (580,340), (600,360), (580,360), (560,360), (540,360), (560,340), (540,320), (560,320), (540,300), (560,320), (540,340), (520,340), (520,320), (500,320), (500,340), (520,340), (520,360), (540,380), (520,400), (500,380), (520,400), (540,400), (560,380), (560,400)

// Déplacements de l'unité terrestre 3 sur un horizon temporel (x_3^t, y_3^t) 
(500,20), (480,20), (460,20), (460,40), (460,60), (480,80), (500,80), (480,100), (500,120), (500,140), (520,120), (500,100), (520,100), (500,80), (480,100), (500,100), (500,80), (480,60), (500,80), (520,80), (540,60), (560,80), (540,80), (540,60), (560,40), (560,20), (540,40), (520,20), (500,20), (480,40), (500,60), (520,40), (500,60), (520,80), (500,80), (520,80), (540,60), (520,60), (500,80), (500,100), (480,100), (480,120), (500,120), (520,140), (500,160), (500,140), (500,160), (520,160), (540,160), (540,140), (540,120), (520,100), (500,100), (480,80), (500,100), (500,80), (480,80), (460,60), (440,40), (420,40), (440,40), (420,60), (440,80), (460,80), (440,80), (420,100), (420,80), (400,60), (380,60), (360,40), (380,60), (360,40), (340,40), (320,20), (340,20), (320,20), (340,20), (360,40), (380,60), (400,80), (420,80), (420,60), (420,40), (440,20), (440,40), (460,60), (480,80), (500,100), (480,80), (500,60), (520,80), (500,100), (520,120), (540,140), (540,160), (560,180), (540,180), (520,180), (540,180), (520,180)

// Déplacements de l'unité terrestre 4 sur un horizon temporel (x_4^t, y_4^t) 
(640,520), (640,540), (640,560), (660,540), (660,560), (640,580), (660,600), (640,580), (620,560), (600,580), (620,560), (620,580), (600,600), (620,620), (620,600), (620,620), (640,620), (620,620), (640,640), (660,660), (640,640), (640,620), (640,600), (620,600), (600,620), (580,640), (600,640), (620,660), (640,660), (620,680), (640,660), (620,660), (600,660), (620,640), (640,640), (660,620), (640,620), (620,620), (600,620), (580,600), (600,620), (580,640), (600,640), (580,620), (600,640), (600,620), (600,600), (620,600), (600,580), (580,560), (600,540), (600,560), (620,560), (600,560), (620,560), (620,580), (620,600), (600,600), (580,600), (580,620), (600,600), (580,600), (560,600), (540,600), (560,580), (580,600), (580,620), (560,600), (540,620), (560,620), (580,600), (580,620), (580,640), (580,660), (560,680), (580,700), (600,680), (620,700), (640,700), (660,720), (640,740), (660,740), (680,760), (700,760), (720,740), (740,720), (760,720), (760,700), (740,680), (720,680), (700,700), (680,720), (660,720), (680,720), (700,700), (720,680), (700,700), (720,680), (700,700), (720,700)

// Déplacements de l'unité terrestre 5 sur un horizon temporel (x_5^t, y_5^t) 
(400,680), (380,700), (380,720), (400,720), (380,740), (380,760), (400,740), (420,760), (440,780), (460,800), (440,780), (440,800), (460,820), (440,800), (440,820), (460,800), (440,800), (420,780), (420,800), (440,800), (460,800), (460,820), (480,800), (460,800), (480,780), (460,760), (440,780), (440,800), (460,820), (440,800), (420,780), (400,780), (380,780), (400,780), (380,760), (380,740), (380,760), (360,740), (360,720), (380,740), (380,760), (360,780), (380,800), (400,800), (380,820), (360,820), (380,840), (400,840), (420,820), (440,820), (440,800), (460,800), (480,780), (480,800), (500,780), (480,760), (500,780), (520,760), (500,740), (480,740), (480,760), (480,780), (500,780), (480,760), (460,780), (440,760), (460,740), (440,740), (420,760), (400,760), (380,760), (360,740), (380,720), (380,700), (360,700), (380,680), (360,700), (380,680), (360,660), (340,660), (360,660), (340,680), (320,680), (340,660), (360,680), (360,660), (340,660), (320,640), (300,660), (280,680), (280,660), (280,640), (300,620), (300,640), (280,620), (300,620), (300,640), (280,640), (300,660), (300,680)

// Déplacements de l'unité terrestre 6 sur un horizon temporel (x_6^t, y_6^t) 
(300,740), (320,740), (340,720), (340,700), (320,720), (320,740), (300,740), (300,720), (320,720), (300,720), (300,700), (280,700), (280,720), (260,740), (240,760), (220,760), (220,780), (220,760), (240,760), (240,780), (220,780), (220,760), (220,740), (240,740), (260,740), (280,720), (260,700), (280,720), (260,740), (260,720), (260,700), (240,700), (260,700), (280,700), (260,700), (240,700), (260,700), (280,700), (260,720), (240,720), (240,700), (220,680), (240,660), (220,660), (220,680), (240,680), (220,660), (200,660), (220,640), (200,620), (180,640), (160,660), (140,680), (140,660), (160,640), (140,640), (160,660), (180,640), (180,620), (200,640), (200,620), (220,640), (220,660), (200,660), (180,660), (180,640), (200,640), (180,660), (160,680), (180,700), (200,680), (200,700), (180,700), (160,680), (160,700), (140,680), (160,660), (180,680), (180,700), (160,720), (180,720), (160,720), (140,740), (140,760), (160,760), (180,760), (160,780), (140,800), (120,820), (140,800), (140,820), (120,820), (120,800), (140,820), (160,820), (140,800), (120,800), (140,780), (140,760), (140,780)

// Déplacements de l'unité terrestre 7 sur un horizon temporel (x_7^t, y_7^t) 
(780,680), (780,660), (800,660), (780,640), (800,660), (780,640), (800,660), (780,660), (760,660), (760,680), (740,660), (740,680), (720,700), (740,700), (740,680), (720,700), (720,680), (740,700), (720,720), (740,740), (760,760), (740,740), (740,720), (740,740), (740,760), (720,740), (720,760), (720,740), (740,720), (760,720), (760,740), (760,720), (760,700), (780,700), (780,680), (800,660), (780,660), (780,680), (760,660), (780,660), (780,680), (780,700), (760,720), (760,740), (780,720), (780,740), (780,760), (780,780), (760,760), (760,740), (760,760), (780,760), (760,760), (740,740), (720,760), (700,740), (720,760), (700,780), (720,800), (740,800), (720,800), (740,820), (740,840), (740,860), (720,860), (740,860), (760,880), (740,860), (760,840), (780,840), (760,860), (780,880), (760,860), (760,880), (740,880), (720,900), (720,920), (720,940), (740,940), (760,940), (780,940), (780,960), (760,940), (740,940), (720,940), (700,920), (700,940), (720,940), (740,920), (720,920), (740,920), (740,940), (720,940), (720,920), (720,940), (700,960), (700,980), (700,960), (700,980), (720,960)

// Déplacements de l'unité terrestre 8 sur un horizon temporel (x_8^t, y_8^t) 
(920,900), (920,880), (900,900), (880,900), (900,920), (900,940), (920,960), (920,980), (900,980), (900,960), (920,940), (920,960), (900,960), (920,960), (900,960), (880,980), (860,980), (840,980), (820,960), (820,980), (840,980), (860,960), (840,980), (820,960), (820,940), (820,960), (820,940), (840,920), (840,900), (860,900), (880,880), (860,860), (880,880), (900,880), (900,860), (920,860), (940,840), (940,820), (940,800), (920,800), (900,780), (900,760), (880,740), (880,720), (880,740), (900,720), (900,740), (920,720), (920,740), (940,740), (920,740), (900,760), (880,740), (860,740), (860,720), (840,720), (820,700), (820,680), (820,660), (840,680), (820,680), (800,680), (820,660), (840,640), (860,620), (880,620), (880,640), (860,660), (880,680), (900,660), (880,660), (900,680), (880,660), (860,680), (840,660), (860,640), (860,620), (880,620), (860,620), (860,640), (840,660), (860,660), (860,680), (880,700), (880,680), (900,660), (920,660), (900,680), (920,660), (900,640), (880,620), (900,600), (880,620), (900,600), (880,600), (860,580), (840,580), (860,560), (840,540), (840,560)

// Déplacements de l'unité terrestre 9 sur un horizon temporel (x_9^t, y_9^t) 
(500,400), (520,420), (520,400), (540,400), (520,420), (500,400), (520,380), (500,360), (500,380), (520,380), (540,360), (520,380), (500,400), (480,380), (460,360), (480,340), (480,320), (500,340), (500,360), (480,360), (500,380), (500,400), (480,380), (500,380), (520,380), (500,400), (520,380), (520,400), (540,400), (540,420), (540,400), (520,400), (500,400), (520,400), (500,400), (500,420), (520,420), (540,440), (520,440), (540,460), (560,460), (580,440), (560,460), (580,480), (580,460), (600,480), (580,460), (560,440), (540,420), (520,440), (500,440), (480,440), (480,460), (500,480), (520,460), (520,480), (500,480), (520,480), (540,480), (520,500), (540,520), (520,500), (540,480), (520,500), (540,480), (540,500), (520,520), (540,520), (560,520), (540,520), (560,520), (540,540), (560,520), (560,540), (580,540), (600,540), (580,560), (560,540), (580,540), (600,540), (580,560), (600,580), (580,600), (580,580), (600,580), (600,560), (600,580), (620,580), (640,560), (660,560), (640,540), (620,540), (620,520), (640,540), (660,560), (640,580), (620,560), (620,540), (640,520), (640,500)

// Déplacements de l'unité terrestre 10 sur un horizon temporel (x_10^t, y_10^t) 
(920,640), (900,620), (880,640), (900,620), (880,640), (900,660), (880,680), (900,680), (900,700), (900,680), (880,680), (900,700), (880,680), (880,660), (880,680), (880,700), (860,700), (840,680), (840,700), (820,680), (840,700), (860,720), (840,740), (820,720), (820,740), (840,740), (860,740), (880,720), (900,740), (920,760), (940,780), (920,760), (940,760), (960,740), (960,760), (940,780), (960,760), (940,760), (920,780), (900,760), (880,780), (860,760), (860,780), (860,800), (840,780), (860,780), (880,760), (880,740), (900,740), (900,720), (900,700), (880,700), (880,680), (880,700), (860,700), (840,680), (860,700), (880,680), (900,700), (900,720), (880,700), (860,720), (860,740), (880,740), (860,740), (860,720), (880,740), (900,720), (880,700), (860,700), (860,680), (880,660), (880,640), (900,620), (880,600), (880,580), (880,600), (880,620), (900,600), (900,580), (900,600), (880,580), (860,580), (860,560), (840,560), (860,540), (860,520), (880,520), (900,500), (880,520), (880,540), (880,520), (880,500), (900,480), (900,500), (920,500), (900,500), (920,520), (940,540), (960,540)

