// Déplacements de l'unité terrestre 1 sur un horizon temporel (x_1^t, y_1^t) 
(460,400), (440,380), (420,380), (400,360), (400,380), (400,400), (400,380), (380,380), (360,360), (340,340), (360,320), (340,300), (320,280), (300,300), (280,280), (280,260), (280,280), (300,280), (320,280), (300,260), (280,280), (260,300), (240,320), (240,340), (220,320), (220,300), (240,300), (260,280), (280,260), (300,260), (320,240), (340,240), (320,220), (340,240), (360,220), (380,220), (360,200), (380,200), (360,200), (380,220), (380,240), (380,260), (380,240), (380,260), (380,280), (360,280), (360,300), (380,300), (380,320), (400,300), (380,320), (400,300), (380,320), (380,340), (400,360), (420,360), (420,340), (440,320), (460,300), (480,320), (500,300), (520,320), (500,320), (480,340), (460,340), (440,320), (420,340), (400,340), (420,360), (420,380), (440,380), (420,380), (420,400), (440,400), (440,420), (460,440), (440,440), (460,440), (440,420), (420,420), (440,420), (420,440), (400,460), (420,460), (420,480), (420,460), (440,440), (420,440), (420,420), (400,400), (420,420), (440,420), (460,420), (460,440), (440,420), (420,400), (400,400), (380,400), (360,420), (340,440)

// Déplacements de l'unité terrestre 2 sur un horizon temporel (x_2^t, y_2^t) 
(520,360), (500,380), (500,400), (480,380), (480,360), (500,360), (500,380), (520,360), (500,340), (480,360), (460,360), (440,340), (460,320), (480,320), (500,300), (500,320), (520,320), (520,300), (540,300), (560,280), (580,300), (580,280), (580,260), (600,280), (620,260), (640,260), (620,260), (640,260), (640,280), (640,260), (620,280), (640,260), (660,260), (640,240), (660,220), (640,240), (640,260), (620,260), (600,240), (620,220), (640,200), (640,180), (660,180), (640,180), (660,180), (640,160), (640,180), (620,160), (640,140), (660,140), (640,120), (620,140), (640,160), (620,160), (600,180), (620,180), (640,160), (620,140), (600,120), (620,100), (600,100), (580,120), (580,140), (560,120), (580,140), (560,140), (560,160), (580,180), (560,160), (580,160), (580,140), (600,140), (620,120), (600,140), (580,140), (600,160), (620,180), (620,200), (600,220), (620,220), (640,220), (620,200), (600,180), (580,160), (560,140), (580,140), (600,120), (580,120), (600,100), (580,120), (580,140), (600,140), (580,120), (600,140), (600,120), (620,100), (640,100), (620,120), (640,100), (620,120)

// Déplacements de l'unité terrestre 3 sur un horizon temporel (x_3^t, y_3^t) 
(840,680), (860,700), (880,700), (900,720), (920,700), (920,720), (940,740), (960,720), (980,720), (960,720), (980,700), (960,700), (960,720), (940,740), (960,740), (980,720), (980,740), (960,720), (980,700), (960,700), (960,720), (940,720), (940,740), (960,720), (980,700), (960,700), (940,700), (920,720), (900,720), (880,740), (900,720), (900,700), (880,700), (900,700), (880,720), (880,740), (880,760), (860,760), (840,780), (840,800), (840,820), (820,840), (840,860), (860,880), (840,860), (820,840), (820,860), (840,840), (840,860), (860,840), (840,860), (860,880), (880,900), (900,880), (900,860), (900,880), (920,900), (920,920), (940,920), (940,940), (960,920), (940,900), (920,880), (940,900), (960,880), (940,880), (960,860), (980,840), (960,840), (960,820), (940,840), (920,840), (900,820), (880,820), (900,820), (920,840), (900,840), (880,820), (860,820), (840,840), (860,820), (880,820), (900,840), (900,860), (920,880), (900,900), (920,880), (920,860), (900,840), (920,840), (940,860), (920,840), (900,860), (880,840), (900,840), (880,860), (900,880), (920,880), (940,880), (940,860)

// Déplacements de l'unité terrestre 4 sur un horizon temporel (x_4^t, y_4^t) 
(240,380), (240,400), (260,400), (240,420), (220,440), (200,440), (220,440), (240,460), (260,460), (260,480), (240,460), (260,440), (260,460), (260,440), (260,460), (240,440), (260,420), (260,400), (240,420), (240,440), (220,440), (200,420), (200,400), (220,420), (200,420), (180,420), (160,400), (140,400), (120,380), (140,380), (140,360), (120,360), (140,340), (140,320), (160,320), (140,340), (160,360), (140,360), (120,340), (100,320), (100,340), (80,320), (100,320), (120,320), (140,320), (160,300), (180,300), (160,280), (180,300), (180,320), (200,340), (220,340), (200,340), (220,360), (200,380), (200,400), (180,380), (180,360), (200,360), (180,340), (180,320), (160,340), (140,340), (140,320), (140,340), (120,360), (140,360), (160,380), (140,360), (160,340), (140,360), (120,360), (100,340), (80,320), (100,320), (120,320), (140,300), (140,280), (120,300), (140,320), (140,340), (160,360), (140,380), (160,400), (140,400), (120,380), (100,380), (100,400), (100,380), (120,400), (100,380), (100,360), (100,380), (120,380), (140,380), (140,400), (120,380), (100,380), (80,380), (80,360)

// Déplacements de l'unité terrestre 5 sur un horizon temporel (x_5^t, y_5^t) 
(540,760), (560,780), (580,780), (600,760), (600,740), (600,760), (600,780), (580,800), (600,820), (600,800), (580,820), (580,800), (560,780), (580,800), (600,820), (580,820), (600,800), (620,800), (600,780), (620,800), (640,820), (640,840), (640,860), (660,840), (640,820), (640,800), (660,820), (660,840), (640,860), (640,840), (620,840), (600,840), (600,820), (620,820), (640,800), (640,780), (620,780), (600,800), (580,800), (560,780), (540,780), (520,800), (500,780), (520,780), (540,800), (540,780), (520,780), (500,800), (520,820), (520,800), (500,800), (480,820), (500,800), (480,800), (500,800), (520,820), (540,820), (560,820), (580,820), (600,800), (620,780), (640,800), (660,800), (660,780), (660,800), (680,780), (680,760), (700,760), (700,740), (700,760), (680,740), (660,740), (640,740), (660,740), (640,720), (660,700), (680,680), (660,700), (680,700), (660,700), (680,700), (700,680), (720,660), (700,640), (720,640), (700,620), (700,600), (680,580), (660,580), (640,600), (620,600), (620,620), (600,640), (620,620), (620,640), (620,620), (640,640), (660,640), (640,620), (660,640)

// Déplacements de l'unité terrestre 6 sur un horizon temporel (x_6^t, y_6^t) 
(680,960), (660,960), (640,980), (660,960), (640,980), (660,960), (640,940), (620,920), (640,920), (640,940), (660,920), (660,900), (680,880), (700,860), (720,880), (700,880), (680,860), (660,840), (640,860), (660,880), (640,880), (620,860), (620,840), (600,860), (600,840), (600,820), (600,840), (620,820), (640,820), (660,840), (660,820), (680,820), (700,820), (700,840), (700,820), (700,840), (680,840), (700,860), (680,840), (660,840), (680,820), (660,800), (660,780), (640,780), (660,800), (640,820), (660,840), (640,860), (660,880), (640,860), (660,860), (640,840), (660,840), (640,840), (660,820), (640,840), (660,840), (680,840), (660,820), (660,840), (660,820), (660,800), (640,780), (640,800), (660,780), (640,800), (660,780), (640,780), (620,800), (640,780), (660,760), (680,740), (680,720), (660,700), (680,680), (700,660), (700,680), (720,700), (740,680), (760,700), (740,700), (760,680), (740,680), (760,660), (780,640), (800,660), (780,660), (780,640), (780,660), (760,660), (780,640), (800,620), (780,600), (760,580), (760,600), (740,600), (720,580), (700,580), (720,560), (700,580)

// Déplacements de l'unité terrestre 7 sur un horizon temporel (x_7^t, y_7^t) 
(260,820), (240,840), (220,840), (240,820), (260,820), (240,820), (220,800), (220,780), (240,800), (240,780), (260,760), (240,780), (220,760), (200,780), (200,800), (220,800), (200,800), (180,800), (200,800), (180,780), (160,760), (180,780), (160,760), (160,740), (140,740), (140,760), (140,780), (160,760), (180,740), (200,760), (220,740), (240,740), (260,720), (280,720), (300,720), (320,720), (320,700), (340,700), (320,700), (300,680), (300,660), (320,660), (340,680), (320,660), (320,640), (300,640), (320,640), (300,640), (280,660), (260,680), (260,660), (280,640), (280,620), (260,620), (280,640), (300,640), (320,660), (340,660), (360,680), (340,700), (360,700), (380,700), (400,680), (380,700), (400,700), (400,720), (420,720), (400,740), (380,720), (400,700), (380,700), (360,700), (380,700), (360,680), (360,700), (340,700), (340,680), (320,700), (300,720), (320,740), (340,740), (360,760), (360,780), (360,760), (380,740), (360,720), (360,740), (380,720), (380,740), (360,720), (340,740), (360,740), (380,760), (380,780), (400,780), (400,760), (380,780), (380,760), (400,780), (400,760)

// Déplacements de l'unité terrestre 8 sur un horizon temporel (x_8^t, y_8^t) 
(700,200), (680,200), (660,200), (660,180), (640,160), (660,180), (680,200), (660,200), (680,200), (660,180), (640,180), (620,160), (620,180), (600,200), (620,180), (620,160), (600,140), (600,120), (600,100), (580,80), (600,60), (580,60), (600,80), (620,100), (620,80), (640,100), (660,100), (640,100), (640,120), (620,120), (600,100), (580,100), (560,100), (580,120), (560,100), (540,120), (560,120), (540,140), (560,120), (580,120), (600,100), (580,80), (560,100), (580,100), (600,100), (580,100), (580,80), (580,100), (580,80), (600,80), (620,80), (640,80), (660,80), (680,60), (660,60), (660,80), (660,60), (640,40), (640,20), (620,20), (600,20), (620,20), (600,20), (580,20), (580,40), (560,20), (580,20), (600,40), (580,60), (560,60), (540,40), (520,60), (520,80), (500,100), (480,120), (480,140), (500,160), (480,140), (460,140), (460,120), (480,140), (480,160), (460,160), (460,140), (460,120), (460,100), (480,120), (500,140), (480,120), (480,140), (460,120), (440,120), (420,140), (440,120), (440,100), (460,80), (440,60), (460,40), (480,60), (480,80)

// Déplacements de l'unité terrestre 9 sur un horizon temporel (x_9^t, y_9^t) 
(620,980), (620,960), (620,980), (600,980), (620,980), (600,960), (620,940), (640,940), (640,960), (660,940), (640,920), (660,900), (640,880), (640,900), (640,920), (620,900), (640,900), (620,900), (620,880), (600,900), (620,900), (600,900), (580,920), (560,940), (580,920), (560,920), (580,920), (600,900), (600,920), (580,900), (560,880), (540,860), (520,880), (540,880), (560,880), (540,900), (520,900), (540,900), (540,880), (520,880), (520,860), (500,880), (500,860), (480,840), (480,820), (500,840), (500,860), (480,880), (460,860), (480,840), (480,820), (460,800), (480,820), (460,840), (440,840), (460,840), (480,840), (500,840), (520,820), (540,820), (560,840), (540,840), (520,860), (540,840), (560,820), (560,800), (540,800), (520,780), (520,760), (520,780), (520,760), (520,740), (520,720), (520,700), (520,680), (520,700), (500,700), (500,680), (480,700), (500,720), (520,740), (500,720), (520,720), (540,700), (520,720), (500,700), (520,700), (500,700), (480,680), (480,700), (480,720), (500,700), (480,700), (500,700), (500,720), (480,720), (480,740), (500,760), (500,780), (480,780)

// Déplacements de l'unité terrestre 10 sur un horizon temporel (x_10^t, y_10^t) 
(380,140), (380,120), (380,140), (400,160), (400,140), (380,160), (360,180), (360,200), (380,220), (360,200), (380,180), (400,160), (420,160), (420,180), (400,180), (380,200), (400,180), (420,160), (400,180), (380,160), (400,160), (420,140), (440,140), (420,140), (440,140), (420,120), (420,140), (420,120), (440,100), (460,120), (480,100), (460,80), (460,60), (460,80), (440,60), (440,40), (420,20), (420,40), (400,40), (400,20), (380,40), (360,40), (340,60), (360,60), (360,40), (380,20), (360,20), (360,40), (340,40), (340,60), (360,60), (340,80), (320,60), (340,80), (320,60), (340,80), (340,100), (360,120), (380,120), (400,140), (400,120), (400,100), (420,80), (400,100), (380,100), (360,100), (340,80), (360,80), (360,60), (340,40), (320,20), (320,40), (300,20), (280,20), (300,20), (300,40), (280,60), (260,40), (240,40), (260,60), (240,60), (260,60), (240,40), (260,20), (240,40), (260,60), (280,80), (260,100), (280,100), (300,120), (320,120), (320,100), (340,80), (360,80), (340,60), (360,80), (340,100), (320,80), (320,60), (300,60)

