// Déplacements de l'unité terrestre 1 sur un horizon temporel (x_1^t, y_1^t) 
(340,160), (320,140), (340,140), (360,120), (340,120), (340,100), (320,80), (340,100), (320,120), (320,140), (320,120), (300,120), (300,100), (280,100), (260,100), (240,120), (240,100), (240,80), (260,100), (260,80), (240,80), (260,60), (280,80), (300,100), (300,120), (280,100), (280,120), (300,140), (320,120), (320,100), (300,100), (280,100), (280,80), (300,100), (280,100), (280,120), (300,120), (280,140), (260,160), (280,180), (280,160), (260,180), (280,200), (280,180), (260,160), (240,160), (240,180), (260,180), (240,160), (260,160), (280,180), (280,160), (280,180), (280,160), (280,140), (260,120), (280,140), (260,140), (280,140), (260,160), (260,140), (240,160), (260,160), (240,180), (240,200), (220,180), (240,180), (260,160), (240,180), (220,160), (220,140), (240,140), (240,120), (220,120), (200,120), (180,140), (160,140), (180,160), (180,180), (180,200), (180,220), (180,200), (160,200), (140,180), (140,200), (120,200), (100,220), (80,240), (80,220), (100,240), (120,260), (100,280), (80,260), (60,280), (40,260), (60,240), (80,220), (80,200), (60,200), (40,220)

// Déplacements de l'unité terrestre 2 sur un horizon temporel (x_2^t, y_2^t) 
(400,560), (420,540), (420,560), (440,540), (420,540), (420,560), (420,580), (400,560), (420,580), (440,580), (440,560), (440,540), (420,540), (420,560), (400,560), (380,540), (360,520), (360,540), (380,520), (360,500), (360,520), (340,500), (360,520), (360,540), (380,560), (360,540), (360,560), (380,580), (360,600), (340,620), (360,620), (380,640), (400,640), (380,660), (400,660), (380,680), (400,700), (420,720), (400,740), (380,720), (380,740), (380,760), (400,740), (420,740), (440,760), (440,740), (440,720), (440,700), (440,720), (440,740), (460,740), (480,720), (500,720), (500,700), (480,720), (480,700), (500,700), (520,720), (540,740), (560,720), (560,700), (540,680), (560,700), (560,680), (580,660), (560,640), (560,620), (540,620), (520,640), (500,640), (500,660), (520,640), (500,620), (520,620), (520,640), (500,620), (500,640), (520,640), (540,620), (520,640), (540,620), (540,640), (560,620), (540,600), (520,580), (540,560), (520,580), (540,580), (560,600), (540,620), (520,640), (500,660), (520,660), (500,640), (480,640), (500,640), (480,640), (500,640), (520,620), (540,640)

// Déplacements de l'unité terrestre 3 sur un horizon temporel (x_3^t, y_3^t) 
(560,760), (540,760), (540,780), (520,760), (540,760), (540,780), (520,760), (520,780), (500,760), (520,760), (540,760), (560,740), (540,740), (540,760), (560,760), (560,780), (580,780), (600,800), (600,780), (600,760), (600,780), (620,760), (600,740), (600,760), (600,780), (580,780), (560,800), (580,780), (560,760), (580,760), (560,760), (580,780), (560,760), (580,760), (600,740), (580,720), (600,700), (620,700), (600,680), (600,700), (620,680), (640,680), (640,700), (640,720), (640,740), (660,760), (680,740), (660,740), (640,740), (660,720), (660,740), (660,760), (660,740), (680,720), (680,700), (680,680), (700,680), (680,700), (680,680), (660,700), (640,700), (640,680), (640,660), (640,640), (620,620), (640,620), (620,640), (620,620), (620,640), (600,660), (580,680), (600,660), (580,680), (560,660), (540,640), (520,620), (540,620), (560,640), (540,660), (520,640), (540,660), (520,660), (540,660), (520,680), (520,660), (540,660), (540,640), (560,620), (540,620), (540,600), (520,600), (520,620), (500,600), (520,620), (540,600), (520,580), (500,560), (500,580), (480,600), (500,600)

// Déplacements de l'unité terrestre 4 sur un horizon temporel (x_4^t, y_4^t) 
(980,720), (960,700), (980,680), (980,700), (980,680), (960,700), (960,680), (940,700), (940,680), (920,700), (940,700), (920,720), (920,740), (920,760), (940,740), (940,760), (920,740), (920,760), (920,740), (920,720), (900,720), (880,740), (880,760), (880,780), (860,780), (840,760), (820,740), (840,720), (820,700), (840,680), (860,680), (840,700), (820,720), (800,720), (820,740), (800,760), (800,780), (780,760), (760,760), (780,740), (800,760), (820,780), (820,800), (840,820), (820,820), (840,800), (860,800), (880,820), (880,800), (880,780), (860,760), (840,780), (860,800), (860,820), (880,800), (860,820), (840,800), (860,800), (840,800), (860,820), (840,840), (860,860), (840,860), (860,880), (880,900), (900,900), (880,900), (860,900), (880,920), (880,940), (860,920), (860,900), (840,900), (820,920), (820,900), (840,920), (860,940), (880,960), (900,980), (880,980), (860,980), (880,980), (900,960), (880,960), (860,960), (880,940), (860,940), (840,960), (820,940), (840,960), (820,960), (800,940), (820,960), (840,980), (820,960), (800,940), (820,920), (800,920), (780,920), (800,940)

// Déplacements de l'unité terrestre 5 sur un horizon temporel (x_5^t, y_5^t) 
(680,940), (660,940), (640,960), (660,940), (640,940), (620,920), (600,920), (620,920), (640,940), (620,920), (620,900), (600,880), (600,900), (580,900), (560,920), (560,940), (540,940), (520,920), (500,920), (480,920), (500,920), (480,920), (500,920), (520,920), (520,940), (540,940), (520,960), (520,980), (500,980), (520,980), (520,960), (500,940), (500,920), (520,920), (540,940), (520,960), (500,980), (520,980), (540,960), (520,960), (540,980), (540,960), (520,980), (500,980), (520,960), (500,980), (500,960), (480,960), (500,940), (500,920), (520,900), (540,880), (520,900), (500,920), (500,900), (480,880), (480,900), (460,880), (480,860), (500,840), (500,860), (480,880), (500,880), (520,860), (500,860), (480,860), (480,840), (500,820), (480,820), (480,840), (500,860), (480,880), (460,860), (480,840), (480,820), (480,800), (460,780), (460,800), (460,780), (480,760), (460,760), (440,780), (460,800), (480,800), (460,780), (440,760), (460,740), (480,740), (460,720), (440,740), (420,720), (400,720), (420,720), (420,740), (400,740), (380,720), (400,740), (400,760), (400,780), (380,760)

// Déplacements de l'unité terrestre 6 sur un horizon temporel (x_6^t, y_6^t) 
(880,60), (860,40), (840,60), (840,40), (860,20), (880,20), (900,40), (920,60), (940,80), (940,60), (920,40), (940,40), (920,40), (940,40), (960,60), (980,80), (980,100), (980,120), (960,100), (940,120), (940,100), (960,100), (980,80), (980,100), (960,80), (980,80), (960,80), (960,100), (980,120), (980,140), (960,140), (980,160), (960,180), (940,200), (960,220), (960,240), (980,260), (960,260), (960,240), (980,220), (980,240), (960,260), (940,280), (920,260), (940,260), (960,280), (980,280), (980,300), (960,280), (980,300), (960,300), (980,320), (960,340), (940,340), (960,340), (940,320), (960,300), (980,320), (960,300), (940,280), (920,260), (900,260), (880,260), (860,280), (840,280), (840,300), (840,320), (820,320), (820,340), (820,320), (840,320), (820,300), (820,280), (820,300), (820,280), (800,280), (820,280), (840,260), (860,280), (880,280), (880,300), (900,320), (880,340), (880,320), (880,340), (900,360), (880,340), (900,340), (920,320), (920,340), (900,360), (900,380), (880,360), (880,340), (880,360), (880,380), (880,360), (880,380), (900,380), (880,400)

// Déplacements de l'unité terrestre 7 sur un horizon temporel (x_7^t, y_7^t) 
(240,640), (240,660), (240,640), (240,660), (220,680), (220,700), (200,700), (200,680), (220,660), (200,680), (220,660), (220,680), (220,660), (200,640), (220,660), (220,680), (240,680), (260,660), (280,640), (300,620), (280,640), (280,620), (300,600), (320,620), (300,640), (280,660), (300,660), (300,680), (300,700), (280,700), (300,700), (320,700), (340,700), (340,720), (320,720), (320,700), (300,700), (320,680), (340,700), (360,700), (340,700), (360,700), (340,700), (360,700), (380,700), (400,720), (380,740), (360,740), (380,740), (400,740), (420,760), (440,760), (460,740), (440,720), (460,720), (480,700), (500,720), (480,720), (500,700), (500,720), (480,700), (500,700), (500,720), (500,740), (480,720), (460,740), (440,760), (460,760), (480,760), (500,780), (520,780), (540,800), (560,780), (540,780), (540,760), (540,740), (520,740), (540,720), (560,740), (540,740), (540,720), (520,700), (500,720), (520,700), (540,700), (540,680), (540,700), (520,700), (520,680), (500,660), (500,680), (520,680), (520,700), (500,720), (520,720), (540,720), (540,700), (520,700), (520,720), (500,740)

// Déplacements de l'unité terrestre 8 sur un horizon temporel (x_8^t, y_8^t) 
(920,740), (900,720), (900,700), (880,700), (860,680), (860,660), (860,680), (880,660), (860,640), (880,640), (900,660), (900,680), (900,700), (880,680), (860,700), (840,720), (840,700), (820,680), (800,680), (780,700), (780,720), (760,740), (760,720), (740,700), (760,720), (740,720), (720,740), (740,720), (760,720), (740,700), (720,720), (700,740), (700,720), (700,740), (680,760), (660,760), (660,740), (640,740), (660,720), (660,700), (640,720), (620,700), (600,680), (580,660), (580,640), (560,620), (580,640), (560,620), (560,640), (580,640), (600,620), (600,600), (580,600), (580,580), (560,580), (540,600), (560,580), (540,580), (560,600), (540,580), (560,580), (540,580), (520,600), (520,620), (500,620), (480,640), (460,640), (480,620), (500,620), (500,640), (480,660), (480,640), (500,660), (480,680), (460,700), (440,680), (420,660), (400,660), (380,640), (400,660), (400,680), (400,700), (380,680), (400,660), (380,680), (380,660), (360,680), (360,660), (360,680), (380,700), (400,700), (420,680), (440,700), (460,680), (460,700), (440,680), (440,700), (420,700), (400,700), (420,680)

// Déplacements de l'unité terrestre 9 sur un horizon temporel (x_9^t, y_9^t) 
(140,820), (140,800), (120,800), (120,820), (140,800), (160,780), (180,800), (200,800), (180,820), (200,800), (220,780), (240,800), (260,800), (260,780), (260,760), (240,760), (260,780), (240,800), (260,820), (240,800), (240,820), (220,820), (240,820), (220,820), (240,800), (220,780), (220,760), (240,740), (220,720), (200,700), (180,700), (160,680), (140,680), (120,680), (140,660), (120,640), (140,660), (120,660), (120,640), (100,620), (80,640), (80,620), (80,600), (80,620), (60,640), (40,660), (20,660), (40,660), (20,640), (40,640), (40,620), (60,640), (40,620), (20,640), (20,620), (40,640), (60,620), (80,620), (80,600), (80,620), (100,600), (80,580), (60,560), (40,580), (60,560), (40,560), (20,540), (40,520), (20,500), (20,480), (40,460), (60,480), (80,500), (100,520), (120,500), (100,480), (120,480), (100,500), (100,520), (80,500), (80,480), (60,480), (40,460), (20,440), (40,460), (60,440), (80,460), (100,440), (100,420), (100,440), (80,460), (100,480), (100,460), (80,480), (60,480), (60,460), (40,460), (40,440), (60,420), (80,400)

// Déplacements de l'unité terrestre 10 sur un horizon temporel (x_10^t, y_10^t) 
(860,820), (880,840), (860,860), (880,860), (900,860), (880,860), (860,880), (840,860), (820,880), (840,900), (860,880), (880,860), (880,880), (880,860), (860,860), (880,880), (900,880), (920,880), (900,860), (900,880), (900,900), (880,880), (880,900), (900,880), (900,860), (900,840), (900,820), (920,840), (920,820), (900,840), (880,820), (900,840), (920,820), (920,840), (900,820), (900,840), (880,840), (900,820), (880,800), (900,820), (920,800), (920,780), (900,800), (900,820), (880,820), (860,820), (880,840), (900,860), (880,860), (880,840), (860,860), (880,860), (860,860), (860,880), (860,860), (840,840), (840,820), (840,840), (820,860), (820,880), (800,900), (800,880), (780,860), (780,880), (800,900), (820,900), (800,920), (820,900), (800,900), (820,900), (840,900), (820,920), (800,900), (820,880), (840,900), (820,880), (820,860), (840,840), (860,820), (860,840), (880,860), (900,860), (920,880), (940,880), (940,900), (920,880), (920,860), (940,840), (960,860), (980,860), (960,880), (980,880), (960,860), (940,880), (960,880), (940,900), (920,900), (940,920), (920,940), (940,940)

// Déplacements de l'unité terrestre 11 sur un horizon temporel (x_11^t, y_11^t) 
(860,560), (840,580), (860,600), (880,600), (880,620), (900,600), (920,620), (900,620), (880,640), (900,620), (880,620), (900,600), (900,620), (920,640), (900,640), (880,640), (860,660), (880,640), (860,660), (880,660), (900,640), (880,640), (900,640), (900,660), (920,660), (940,640), (960,640), (940,640), (940,660), (960,680), (960,660), (940,660), (940,680), (920,700), (920,680), (940,660), (960,660), (940,640), (960,620), (940,640), (940,620), (960,640), (980,620), (960,620), (960,600), (940,620), (920,620), (920,640), (900,640), (900,660), (900,680), (920,700), (940,680), (940,700), (940,680), (960,700), (960,720), (940,700), (920,720), (940,740), (960,760), (940,740), (960,740), (960,760), (940,760), (960,780), (940,800), (920,780), (920,760), (940,740), (960,720), (980,720), (980,740), (980,760), (980,740), (960,760), (940,780), (920,760), (900,740), (900,720), (900,700), (920,700), (940,680), (920,680), (900,700), (920,720), (920,700), (940,700), (960,680), (960,700), (940,680), (960,680), (980,660), (960,660), (940,640), (960,620), (980,620), (980,640), (960,620), (940,640)

// Déplacements de l'unité terrestre 12 sur un horizon temporel (x_12^t, y_12^t) 
(140,800), (120,820), (120,800), (100,780), (80,760), (80,780), (100,760), (80,780), (60,800), (80,800), (100,780), (80,800), (80,820), (100,840), (80,860), (80,880), (60,880), (60,860), (40,860), (40,880), (60,900), (80,900), (60,900), (80,920), (60,900), (60,880), (40,880), (40,900), (40,880), (40,860), (60,880), (40,880), (20,900), (40,900), (20,900), (20,920), (20,900), (40,920), (40,940), (40,960), (60,980), (40,960), (60,980), (40,980), (60,960), (80,940), (100,940), (120,960), (140,940), (160,920), (180,920), (160,920), (180,900), (160,900), (160,920), (180,920), (160,900), (140,880), (140,900), (160,880), (180,900), (200,920), (180,920), (160,920), (140,920), (160,940), (140,960), (140,940), (120,920), (100,900), (80,900), (100,920), (120,920), (100,940), (100,920), (120,900), (100,900), (120,900), (140,880), (160,860), (180,840), (180,860), (160,860), (140,880), (120,860), (100,840), (120,860), (140,840), (120,820), (120,840), (100,840), (100,820), (80,800), (100,820), (80,820), (80,840), (100,860), (80,860), (60,840), (80,820)

// Déplacements de l'unité terrestre 13 sur un horizon temporel (x_13^t, y_13^t) 
(60,400), (80,420), (60,400), (40,400), (40,380), (20,380), (20,360), (40,380), (20,380), (40,380), (20,360), (40,340), (60,320), (80,320), (80,300), (100,320), (120,340), (100,360), (120,360), (100,360), (120,380), (140,400), (160,420), (180,440), (160,420), (160,400), (160,420), (140,440), (160,420), (180,440), (180,460), (160,460), (160,480), (140,460), (120,480), (100,480), (100,460), (120,480), (140,500), (140,520), (120,540), (120,520), (120,500), (140,520), (160,540), (180,540), (160,540), (180,560), (180,540), (180,560), (200,560), (180,560), (160,540), (140,520), (160,520), (160,500), (180,520), (160,540), (140,560), (120,540), (100,560), (100,580), (100,600), (80,620), (80,600), (60,600), (80,620), (60,620), (80,600), (60,620), (60,640), (40,660), (20,680), (40,680), (60,660), (60,680), (60,700), (80,680), (100,680), (120,700), (140,680), (160,700), (160,680), (180,660), (200,640), (220,620), (200,620), (200,640), (180,660), (200,680), (180,660), (200,660), (220,680), (200,700), (200,680), (200,700), (180,720), (180,740), (160,760), (140,780)

// Déplacements de l'unité terrestre 14 sur un horizon temporel (x_14^t, y_14^t) 
(480,500), (500,520), (480,500), (500,500), (480,500), (500,480), (500,500), (520,520), (500,500), (480,520), (460,520), (440,520), (460,500), (440,480), (420,480), (400,500), (400,520), (400,540), (380,520), (400,500), (420,480), (440,480), (460,500), (480,520), (460,520), (440,520), (460,520), (460,540), (460,520), (440,540), (460,540), (440,540), (420,540), (400,520), (380,500), (360,520), (340,540), (340,520), (320,520), (300,520), (320,520), (340,540), (360,540), (380,560), (400,540), (380,540), (400,540), (400,560), (420,540), (440,520), (440,500), (420,520), (400,540), (420,520), (400,500), (380,480), (400,480), (420,460), (400,480), (380,500), (400,500), (420,500), (440,480), (460,460), (480,480), (460,480), (480,480), (500,480), (520,460), (500,440), (500,420), (520,440), (520,420), (500,400), (520,400), (540,400), (560,420), (540,400), (520,420), (540,440), (540,460), (540,480), (540,500), (540,480), (540,460), (520,440), (540,420), (520,440), (500,460), (520,460), (500,480), (520,460), (540,440), (520,420), (500,440), (480,420), (500,420), (480,420), (500,440), (500,460)

// Déplacements de l'unité terrestre 15 sur un horizon temporel (x_15^t, y_15^t) 
(180,520), (200,520), (180,500), (180,520), (200,500), (220,480), (240,480), (260,480), (260,500), (280,520), (260,520), (240,500), (240,520), (240,500), (220,480), (240,460), (240,440), (240,420), (220,400), (200,420), (180,420), (180,440), (160,440), (140,440), (140,420), (120,420), (120,440), (140,440), (120,420), (140,420), (160,400), (180,400), (180,420), (160,400), (180,420), (160,400), (140,420), (120,420), (100,420), (100,440), (100,460), (80,460), (100,440), (120,440), (140,420), (120,420), (100,420), (120,440), (140,440), (120,440), (100,460), (120,440), (100,440), (120,420), (100,400), (80,420), (100,420), (120,420), (140,440), (160,460), (140,440), (140,420), (120,420), (100,440), (80,420), (60,420), (80,400), (100,380), (120,360), (120,380), (120,360), (140,380), (160,380), (180,380), (200,380), (180,380), (200,360), (220,360), (240,380), (260,360), (260,340), (280,320), (260,300), (280,300), (280,280), (260,280), (260,260), (240,240), (260,220), (280,220), (300,240), (280,260), (300,280), (300,300), (280,300), (280,280), (260,260), (240,240), (240,220), (240,240)

// Déplacements de l'unité terrestre 16 sur un horizon temporel (x_16^t, y_16^t) 
(680,40), (660,20), (680,40), (700,20), (680,20), (700,20), (680,20), (660,20), (680,20), (660,40), (660,20), (640,20), (620,20), (640,40), (660,40), (640,60), (640,80), (620,100), (640,80), (640,60), (620,60), (620,40), (600,20), (620,40), (600,40), (620,40), (640,40), (620,60), (600,80), (620,60), (620,40), (600,60), (580,60), (560,60), (560,40), (540,20), (520,40), (540,20), (560,40), (560,60), (540,60), (560,60), (580,60), (600,80), (620,100), (600,80), (580,80), (580,100), (600,100), (620,80), (640,100), (640,80), (660,80), (640,80), (620,60), (620,80), (600,100), (620,120), (600,100), (580,100), (560,100), (580,80), (560,60), (560,40), (540,40), (520,60), (500,80), (500,60), (520,40), (500,20), (520,20), (500,20), (500,40), (520,60), (500,40), (520,40), (540,20), (520,20), (540,40), (560,20), (580,40), (600,60), (580,80), (600,100), (620,80), (620,60), (640,40), (620,40), (640,40), (640,20), (660,20), (680,20), (700,20), (680,20), (700,40), (680,40), (660,20), (640,20), (660,20), (660,40)

// Déplacements de l'unité terrestre 17 sur un horizon temporel (x_17^t, y_17^t) 
(660,400), (640,400), (660,420), (640,420), (620,440), (620,460), (620,480), (640,460), (620,440), (620,420), (640,420), (620,400), (600,400), (580,420), (580,440), (560,420), (580,420), (600,400), (580,380), (560,400), (580,400), (600,380), (620,400), (600,420), (620,400), (620,380), (600,380), (580,400), (580,380), (560,380), (580,400), (560,400), (580,400), (600,400), (620,400), (620,420), (600,400), (580,380), (600,360), (600,380), (580,380), (580,400), (580,380), (560,360), (580,340), (600,320), (600,300), (580,320), (580,300), (580,280), (580,300), (580,320), (600,320), (620,300), (600,320), (600,340), (620,360), (640,380), (620,400), (640,400), (620,420), (620,400), (620,420), (600,440), (620,420), (600,400), (580,420), (560,420), (540,400), (560,380), (580,400), (560,400), (580,380), (560,360), (560,340), (580,320), (600,300), (580,280), (580,260), (560,280), (560,260), (580,260), (600,280), (620,300), (620,320), (640,340), (660,360), (680,340), (700,360), (720,380), (740,400), (740,380), (760,360), (760,340), (740,320), (720,320), (740,300), (720,300), (720,320), (740,340)

// Déplacements de l'unité terrestre 18 sur un horizon temporel (x_18^t, y_18^t) 
(260,580), (240,600), (260,580), (240,580), (240,560), (260,540), (240,540), (260,560), (280,580), (280,560), (280,580), (300,600), (280,620), (300,600), (280,580), (280,560), (280,580), (300,580), (280,580), (260,560), (280,580), (300,560), (280,580), (260,560), (240,560), (260,580), (240,600), (220,580), (240,560), (240,540), (260,520), (260,540), (260,560), (240,560), (240,540), (220,560), (220,540), (240,560), (240,540), (240,520), (220,520), (200,540), (200,560), (180,580), (160,600), (180,580), (200,600), (180,580), (180,560), (180,580), (200,600), (220,580), (200,580), (200,560), (180,580), (160,580), (160,560), (140,560), (140,580), (120,600), (140,600), (160,600), (140,580), (120,600), (120,580), (140,560), (120,540), (100,540), (120,520), (140,520), (120,500), (140,500), (160,520), (140,500), (120,520), (100,500), (80,480), (100,480), (80,480), (80,500), (80,520), (60,500), (40,520), (40,500), (60,480), (40,480), (20,480), (40,460), (40,440), (60,420), (80,400), (100,380), (120,400), (140,400), (120,400), (100,380), (80,360), (60,360), (80,380), (60,400)

// Déplacements de l'unité terrestre 19 sur un horizon temporel (x_19^t, y_19^t) 
(500,200), (520,220), (500,200), (480,180), (480,200), (480,220), (460,240), (460,260), (480,280), (500,300), (500,320), (520,300), (540,280), (560,300), (580,320), (600,320), (580,300), (560,320), (580,320), (580,300), (560,280), (560,300), (580,300), (560,320), (580,320), (600,300), (600,280), (580,280), (600,260), (580,280), (580,260), (580,280), (560,300), (540,280), (560,280), (560,260), (540,260), (520,260), (500,260), (520,280), (520,260), (520,240), (520,260), (540,260), (560,280), (580,300), (560,280), (540,280), (520,300), (540,300), (560,320), (580,300), (600,280), (620,300), (600,280), (620,260), (620,280), (640,300), (620,300), (600,300), (580,280), (600,300), (600,280), (600,300), (620,280), (620,260), (640,240), (620,260), (640,240), (660,240), (660,220), (660,240), (680,220), (700,240), (720,220), (720,240), (740,260), (760,240), (780,220), (760,240), (780,240), (780,260), (780,280), (760,280), (740,300), (720,320), (700,340), (720,320), (740,300), (720,280), (700,280), (700,300), (700,280), (720,280), (740,260), (760,260), (740,280), (720,300), (700,300), (720,280)

// Déplacements de l'unité terrestre 20 sur un horizon temporel (x_20^t, y_20^t) 
(900,300), (880,320), (900,340), (900,360), (920,380), (900,360), (920,380), (900,400), (880,380), (860,360), (880,340), (860,340), (880,340), (860,340), (880,320), (880,340), (880,360), (900,380), (880,360), (860,380), (840,360), (840,340), (860,340), (840,320), (820,300), (820,320), (800,340), (780,360), (800,380), (780,360), (780,380), (800,400), (780,380), (780,400), (760,400), (740,420), (720,440), (720,460), (720,480), (740,460), (760,480), (760,460), (740,460), (720,460), (720,440), (720,460), (700,480), (680,500), (700,480), (680,460), (700,440), (720,440), (740,420), (720,400), (740,420), (760,440), (760,420), (760,400), (780,380), (780,360), (780,380), (800,380), (780,400), (760,420), (740,420), (720,420), (700,400), (680,420), (660,400), (640,420), (620,420), (640,440), (660,420), (660,400), (640,380), (660,380), (660,360), (660,380), (640,380), (640,400), (620,380), (640,360), (660,380), (660,400), (680,420), (680,400), (700,400), (720,400), (700,380), (720,400), (700,380), (720,400), (720,380), (720,360), (720,340), (740,320), (760,320), (760,340), (760,360), (780,360)

// Déplacements de l'unité terrestre 21 sur un horizon temporel (x_21^t, y_21^t) 
(180,200), (200,200), (180,200), (180,180), (200,200), (180,220), (180,200), (200,200), (180,200), (200,180), (180,180), (180,200), (160,200), (160,180), (180,180), (160,160), (180,180), (180,200), (200,180), (180,200), (200,200), (180,220), (160,200), (180,220), (160,220), (180,200), (160,220), (180,220), (180,200), (200,200), (220,220), (240,200), (220,180), (220,160), (220,180), (220,200), (240,220), (260,240), (280,240), (300,260), (320,240), (300,240), (300,260), (280,280), (300,300), (300,320), (320,300), (340,280), (340,300), (320,320), (340,340), (360,360), (340,380), (360,360), (380,340), (360,320), (340,340), (320,340), (340,340), (340,320), (320,300), (340,320), (360,300), (380,320), (380,340), (360,320), (360,300), (340,300), (320,300), (300,280), (300,300), (300,280), (300,260), (300,280), (280,300), (260,320), (280,300), (260,320), (280,320), (280,300), (280,320), (300,340), (280,320), (300,320), (280,300), (300,320), (300,300), (280,320), (300,340), (320,320), (340,320), (320,340), (340,320), (360,320), (340,300), (360,280), (360,300), (380,320), (400,340), (380,320)

// Déplacements de l'unité terrestre 22 sur un horizon temporel (x_22^t, y_22^t) 
(920,220), (940,200), (960,200), (980,200), (960,220), (980,220), (980,200), (960,180), (940,180), (960,160), (960,180), (980,200), (980,220), (960,220), (960,240), (940,220), (960,240), (980,220), (960,240), (980,220), (960,240), (980,220), (980,200), (980,220), (960,200), (940,220), (920,200), (900,180), (900,200), (880,200), (860,200), (860,180), (880,180), (880,160), (900,140), (920,140), (900,140), (880,120), (860,100), (860,120), (880,120), (900,140), (880,120), (860,100), (880,100), (860,120), (840,100), (820,80), (840,80), (820,60), (820,40), (840,40), (820,60), (840,80), (820,60), (840,40), (860,40), (860,60), (880,40), (900,60), (920,60), (900,80), (900,60), (900,40), (880,40), (860,60), (880,80), (880,60), (860,40), (840,20), (860,40), (840,20), (860,20), (840,20), (820,40), (800,60), (800,40), (780,20), (800,40), (780,40), (780,60), (780,40), (780,60), (760,80), (740,60), (740,40), (740,20), (720,40), (720,20), (740,40), (720,40), (700,20), (680,40), (700,40), (700,60), (720,40), (740,60), (720,80), (740,100), (720,120)

// Déplacements de l'unité terrestre 23 sur un horizon temporel (x_23^t, y_23^t) 
(260,420), (240,400), (220,420), (200,440), (220,460), (240,480), (260,480), (240,460), (260,480), (280,460), (280,480), (260,480), (280,460), (260,440), (280,460), (300,480), (320,460), (340,440), (320,440), (320,460), (300,460), (320,460), (300,460), (280,460), (280,440), (300,460), (280,460), (300,480), (320,460), (300,440), (320,460), (300,440), (280,440), (280,420), (280,440), (300,440), (320,460), (320,480), (300,460), (320,460), (340,480), (360,480), (380,460), (400,460), (380,460), (380,440), (380,460), (360,460), (380,460), (360,440), (340,420), (320,400), (340,400), (360,420), (380,420), (380,400), (360,380), (360,360), (340,340), (360,320), (340,320), (340,340), (360,320), (360,340), (340,320), (360,320), (340,340), (340,320), (340,300), (340,320), (320,300), (300,320), (300,300), (280,280), (300,300), (320,320), (320,300), (300,320), (320,320), (320,300), (340,300), (360,300), (380,300), (400,320), (380,320), (360,300), (380,320), (400,340), (380,340), (400,360), (400,340), (380,360), (380,380), (360,400), (360,420), (360,400), (380,380), (380,400), (380,380), (360,360)

// Déplacements de l'unité terrestre 24 sur un horizon temporel (x_24^t, y_24^t) 
(180,700), (160,680), (140,700), (160,680), (140,680), (120,680), (140,700), (120,700), (100,680), (120,660), (100,640), (120,620), (140,640), (120,620), (100,600), (120,580), (140,560), (160,560), (140,580), (120,560), (120,540), (100,560), (120,560), (140,580), (160,560), (160,540), (180,560), (160,560), (180,580), (200,600), (180,620), (200,620), (220,600), (200,620), (220,620), (200,640), (220,620), (200,640), (180,660), (200,680), (180,660), (160,660), (160,640), (160,660), (140,680), (160,680), (180,660), (160,640), (140,620), (160,640), (140,640), (120,620), (140,640), (160,660), (140,660), (120,640), (120,620), (100,600), (120,620), (120,600), (140,600), (140,580), (140,560), (140,540), (160,520), (140,520), (120,500), (120,480), (140,500), (160,520), (180,520), (160,520), (180,520), (160,540), (180,520), (200,500), (200,480), (220,480), (240,460), (240,440), (240,460), (260,440), (260,420), (240,420), (220,440), (200,420), (200,400), (200,380), (180,380), (200,400), (220,400), (240,400), (220,420), (200,440), (220,440), (200,460), (200,480), (200,500), (180,520), (160,540)

// Déplacements de l'unité terrestre 25 sur un horizon temporel (x_25^t, y_25^t) 
(40,520), (40,540), (60,560), (40,540), (40,520), (20,540), (20,560), (20,580), (20,600), (20,620), (40,600), (20,600), (20,580), (40,580), (60,560), (60,540), (80,520), (60,540), (80,540), (100,560), (80,540), (100,520), (80,540), (60,560), (80,540), (80,560), (100,580), (80,580), (60,560), (80,560), (80,580), (60,560), (80,540), (80,520), (80,500), (60,520), (80,520), (60,500), (60,520), (80,540), (100,520), (80,540), (60,520), (40,500), (40,480), (60,480), (60,500), (80,480), (100,460), (100,480), (100,500), (120,520), (100,500), (80,500), (60,520), (80,520), (60,500), (80,480), (80,500), (60,500), (40,520), (20,520), (20,500), (20,480), (40,460), (40,480), (60,480), (80,480), (80,460), (60,480), (40,480), (20,480), (40,500), (60,500), (40,480), (60,460), (80,460), (100,480), (100,460), (120,460), (140,460), (160,460), (140,480), (160,480), (160,460), (180,480), (200,500), (220,480), (240,480), (220,480), (240,500), (220,500), (200,480), (200,460), (180,460), (200,480), (180,480), (160,480), (140,500), (120,500)

