// Déplacements de l'unité terrestre 1 sur un horizon temporel (x_1^t, y_1^t) 
(700,920), (680,920), (700,940), (700,920), (680,940), (660,960), (640,960), (660,980), (680,960), (660,940), (660,960), (660,940), (680,960), (700,940), (720,940), (720,960), (700,940), (680,940), (700,940), (720,920), (740,900), (720,880), (720,860), (740,840), (720,860), (720,880), (700,860), (720,880), (700,900), (680,920), (700,900), (720,900), (720,880), (700,900), (700,920), (680,940), (660,940), (660,960), (680,940), (660,920), (680,920), (700,920), (700,900), (680,900), (700,900), (720,900), (740,880), (720,860), (720,840), (740,860), (720,880), (740,860), (760,860), (760,880), (760,900), (780,920), (800,920), (800,940), (800,920), (820,940), (840,960), (860,980), (840,960), (840,940), (860,940), (840,920), (820,940), (840,940), (820,960), (800,960), (780,960), (760,960), (780,940), (760,940), (740,920), (740,900), (720,900), (740,900), (720,920), (720,900), (720,880), (740,900), (740,920), (740,940), (720,960), (720,940), (740,960), (740,980), (740,960), (720,980), (740,980), (760,960), (740,980), (720,960), (700,960), (680,960), (660,960), (680,960), (680,940), (680,920)

// Déplacements de l'unité terrestre 2 sur un horizon temporel (x_2^t, y_2^t) 
(760,140), (760,120), (780,140), (760,160), (760,140), (740,140), (760,160), (760,140), (780,160), (780,180), (780,200), (800,200), (820,200), (800,180), (780,180), (800,160), (780,180), (780,200), (760,180), (760,160), (780,140), (800,120), (820,100), (820,80), (840,100), (860,80), (860,60), (840,80), (840,100), (860,100), (860,120), (860,140), (840,140), (840,160), (860,140), (840,160), (840,140), (840,160), (840,180), (840,200), (860,220), (880,220), (860,240), (880,240), (880,220), (860,220), (880,240), (860,220), (880,240), (860,260), (880,280), (860,300), (880,300), (900,320), (880,320), (900,320), (900,340), (920,320), (900,320), (880,320), (880,300), (900,280), (880,280), (860,300), (860,320), (880,300), (860,300), (880,300), (860,280), (840,260), (860,280), (880,300), (880,280), (860,300), (880,300), (860,320), (860,340), (860,360), (860,340), (840,360), (840,380), (840,400), (840,420), (860,400), (840,380), (820,360), (820,340), (840,340), (820,320), (840,320), (860,320), (880,340), (900,360), (880,340), (900,360), (900,380), (880,360), (900,340), (920,340), (920,360)

// Déplacements de l'unité terrestre 3 sur un horizon temporel (x_3^t, y_3^t) 
(20,380), (20,400), (20,420), (40,400), (40,380), (20,360), (40,360), (20,380), (40,400), (20,420), (40,420), (20,420), (20,440), (20,460), (20,440), (20,420), (20,440), (20,460), (40,460), (40,480), (20,460), (40,440), (40,420), (60,400), (40,400), (20,420), (40,400), (40,420), (20,400), (20,420), (20,400), (20,380), (20,360), (20,380), (40,380), (40,400), (40,380), (40,400), (20,400), (40,420), (60,440), (80,460), (80,440), (100,460), (80,460), (60,440), (80,460), (100,460), (120,480), (100,500), (100,520), (120,520), (120,540), (100,560), (100,540), (120,560), (100,580), (100,560), (100,580), (80,600), (100,620), (120,620), (100,620), (80,640), (100,620), (100,600), (100,620), (120,620), (140,620), (160,600), (160,620), (180,600), (180,580), (160,580), (140,600), (120,580), (140,580), (120,580), (140,580), (120,600), (100,620), (80,640), (60,660), (80,660), (60,660), (80,660), (60,640), (80,660), (60,660), (80,660), (100,640), (120,660), (140,680), (120,700), (140,700), (160,720), (180,700), (200,720), (200,700), (200,720)

// Déplacements de l'unité terrestre 4 sur un horizon temporel (x_4^t, y_4^t) 
(380,740), (360,720), (380,700), (380,720), (400,720), (400,740), (420,740), (400,740), (380,720), (380,700), (400,680), (380,700), (360,720), (380,700), (380,720), (400,700), (420,700), (440,720), (460,740), (480,760), (500,780), (520,760), (520,780), (540,780), (560,800), (560,780), (540,760), (560,760), (580,760), (560,780), (540,780), (560,760), (580,760), (560,740), (540,740), (560,720), (580,740), (580,720), (560,720), (540,700), (560,680), (540,700), (540,720), (540,740), (560,740), (560,760), (540,740), (560,720), (540,740), (520,740), (540,760), (560,760), (540,740), (560,720), (580,740), (560,760), (540,740), (560,720), (580,700), (580,680), (560,680), (580,700), (580,720), (560,720), (540,720), (520,720), (520,740), (540,760), (520,760), (540,760), (520,780), (540,780), (520,800), (500,800), (520,800), (500,820), (520,820), (540,840), (520,820), (500,820), (520,800), (540,800), (560,800), (580,820), (600,840), (580,860), (600,840), (580,840), (560,820), (540,840), (520,840), (540,840), (560,820), (540,840), (560,820), (540,820), (560,840), (580,860), (560,860), (580,840)

// Déplacements de l'unité terrestre 5 sur un horizon temporel (x_5^t, y_5^t) 
(180,60), (200,60), (220,40), (240,20), (220,40), (200,60), (180,60), (160,40), (160,20), (140,20), (140,40), (120,20), (100,40), (80,20), (60,20), (40,20), (40,40), (60,60), (40,40), (20,20), (40,40), (20,60), (20,40), (20,60), (40,80), (40,60), (40,80), (20,80), (40,100), (40,120), (20,100), (40,100), (60,120), (80,100), (100,100), (120,100), (100,100), (80,120), (100,120), (120,140), (120,120), (100,100), (100,80), (120,80), (120,100), (140,100), (160,100), (180,100), (160,80), (140,60), (160,60), (160,80), (140,80), (160,100), (140,80), (140,60), (160,60), (140,40), (160,40), (180,60), (160,80), (160,100), (160,80), (140,80), (160,100), (180,120), (160,120), (140,140), (120,120), (140,140), (140,120), (120,120), (100,140), (80,140), (60,120), (40,140), (60,140), (40,120), (60,140), (40,140), (40,120), (40,100), (40,80), (20,60), (40,60), (20,60), (20,80), (40,60), (40,40), (20,60), (20,80), (40,80), (40,100), (40,80), (40,100), (60,100), (80,100), (100,120), (80,100), (60,100)

// Déplacements de l'unité terrestre 6 sur un horizon temporel (x_6^t, y_6^t) 
(340,880), (360,860), (380,880), (400,900), (400,880), (400,860), (400,880), (420,880), (440,860), (420,880), (440,860), (460,840), (480,820), (500,820), (500,840), (500,820), (500,840), (480,860), (480,840), (480,820), (480,800), (500,820), (500,840), (520,860), (540,860), (560,880), (560,860), (560,840), (580,820), (560,800), (580,820), (560,800), (580,800), (560,780), (580,780), (580,760), (560,780), (580,800), (600,780), (620,780), (640,760), (660,780), (680,760), (680,740), (700,760), (700,740), (700,760), (720,740), (700,740), (700,760), (720,740), (700,760), (680,740), (660,760), (640,780), (620,760), (600,740), (580,740), (560,760), (540,760), (520,740), (540,720), (520,720), (520,700), (540,700), (540,720), (560,700), (580,700), (600,680), (620,660), (600,660), (600,640), (580,660), (600,680), (620,680), (640,680), (640,700), (660,720), (680,720), (700,740), (680,720), (680,700), (700,700), (720,680), (700,660), (700,640), (700,660), (720,680), (740,700), (720,680), (740,700), (720,700), (720,680), (700,700), (720,680), (700,680), (700,660), (700,680), (700,660), (720,660)

// Déplacements de l'unité terrestre 7 sur un horizon temporel (x_7^t, y_7^t) 
(260,120), (280,120), (260,100), (260,120), (240,140), (260,140), (260,160), (240,140), (220,160), (240,160), (260,180), (240,200), (240,180), (220,180), (200,160), (220,140), (240,120), (260,100), (240,80), (220,100), (220,80), (200,100), (220,120), (240,100), (220,80), (200,80), (220,100), (240,120), (260,140), (260,160), (260,140), (280,160), (300,180), (280,200), (280,220), (300,200), (280,200), (260,180), (240,200), (240,180), (220,200), (200,220), (180,220), (200,220), (200,200), (180,220), (180,240), (180,220), (180,240), (200,240), (220,240), (240,240), (260,240), (280,220), (300,200), (320,200), (300,220), (320,240), (300,240), (300,220), (300,240), (300,220), (280,240), (300,220), (320,240), (300,240), (280,220), (260,240), (240,220), (260,200), (240,180), (260,180), (280,200), (300,200), (300,180), (320,180), (340,160), (340,180), (320,180), (340,160), (360,140), (340,160), (340,140), (320,160), (320,140), (300,140), (300,120), (320,140), (340,140), (320,160), (300,180), (300,200), (320,200), (300,220), (280,200), (300,220), (320,220), (300,200), (320,200), (300,220)

// Déplacements de l'unité terrestre 8 sur un horizon temporel (x_8^t, y_8^t) 
(320,500), (320,520), (340,500), (320,480), (320,460), (340,480), (340,500), (360,480), (340,480), (320,460), (320,480), (300,500), (320,480), (340,500), (320,500), (340,500), (320,480), (340,460), (360,480), (380,500), (380,520), (400,500), (420,520), (400,540), (400,560), (380,560), (360,580), (380,600), (380,580), (400,580), (380,600), (380,580), (400,560), (420,560), (420,580), (400,560), (380,560), (380,540), (400,520), (420,500), (440,520), (460,540), (440,560), (420,540), (440,520), (420,520), (400,500), (420,500), (400,480), (420,500), (440,520), (460,540), (480,540), (500,540), (500,520), (520,540), (540,520), (520,500), (500,500), (480,480), (460,460), (460,480), (440,500), (460,480), (480,460), (500,460), (520,440), (520,460), (520,440), (500,420), (520,420), (540,400), (520,400), (540,380), (560,360), (580,360), (600,340), (580,320), (580,300), (580,320), (580,300), (600,300), (580,320), (560,320), (580,320), (600,340), (580,360), (600,380), (620,360), (620,340), (640,320), (660,300), (680,320), (680,340), (660,320), (640,340), (660,340), (640,360), (620,360), (600,340)

// Déplacements de l'unité terrestre 9 sur un horizon temporel (x_9^t, y_9^t) 
(320,620), (300,620), (280,600), (260,580), (260,600), (280,580), (300,600), (280,620), (300,600), (280,600), (260,580), (240,560), (220,540), (240,520), (260,540), (260,560), (240,560), (240,540), (260,520), (260,540), (240,540), (240,520), (220,540), (240,560), (240,580), (240,560), (240,580), (260,580), (280,580), (260,600), (240,580), (240,600), (240,620), (240,600), (240,580), (240,600), (220,620), (240,620), (220,620), (200,620), (180,600), (200,580), (200,560), (200,580), (200,600), (200,620), (180,640), (180,660), (160,680), (180,660), (200,640), (220,620), (200,640), (200,660), (220,640), (240,620), (260,640), (280,620), (300,640), (300,660), (320,680), (340,700), (360,680), (360,700), (360,720), (340,720), (340,740), (320,720), (340,720), (320,700), (320,680), (300,680), (300,700), (280,720), (300,700), (280,700), (280,720), (280,700), (260,720), (260,740), (240,760), (220,780), (220,800), (200,820), (200,840), (220,840), (240,860), (220,860), (240,860), (220,840), (240,840), (220,840), (240,860), (260,860), (280,860), (300,860), (280,880), (260,880), (280,860), (260,880)

// Déplacements de l'unité terrestre 10 sur un horizon temporel (x_10^t, y_10^t) 
(700,880), (680,860), (700,880), (700,860), (680,860), (680,880), (660,880), (640,880), (640,860), (660,860), (640,880), (620,900), (640,920), (660,900), (680,880), (660,860), (640,840), (620,840), (620,860), (620,880), (600,900), (580,880), (600,900), (600,880), (600,900), (620,920), (640,900), (660,900), (660,920), (680,940), (680,960), (680,940), (660,960), (680,980), (680,960), (700,980), (680,980), (700,960), (700,940), (700,920), (680,900), (660,880), (680,900), (700,880), (720,860), (700,880), (720,860), (740,880), (760,860), (780,880), (800,880), (820,880), (800,860), (780,880), (800,880), (800,900), (800,920), (820,920), (800,940), (820,960), (820,980), (820,960), (800,940), (780,960), (760,960), (780,980), (780,960), (800,940), (780,920), (780,900), (760,900), (760,880), (760,860), (740,860), (760,840), (760,860), (780,880), (760,860), (740,840), (720,860), (740,880), (740,860), (720,880), (700,900), (720,880), (740,860), (740,840), (760,820), (760,800), (740,780), (740,800), (760,800), (780,800), (760,820), (740,820), (740,800), (740,820), (720,820), (700,820), (700,840)

