// Déplacements de l'unité terrestre 1 sur un horizon temporel (x_1^t, y_1^t) 
(680,60), (700,60), (720,40), (700,40), (720,40), (720,60), (740,40), (740,20), (740,40), (740,60), (740,40), (720,60), (740,40), (740,60), (760,60), (740,60), (760,60), (780,40), (780,20), (760,40), (780,40), (780,60), (760,60), (760,40), (780,20), (800,40), (820,40), (800,20), (780,20), (760,40), (740,40), (740,60), (760,60), (760,40), (780,20), (760,40), (780,20), (800,20), (780,20), (760,20), (780,20), (780,40), (800,20), (820,40), (800,60), (820,40), (800,20), (780,40), (800,20), (800,40), (800,60), (780,40), (800,60), (820,60), (820,40), (840,20), (860,40), (860,20), (880,20), (900,40), (920,40), (940,20), (920,20), (940,20), (960,40), (940,20), (920,20), (940,40), (920,40), (920,60), (940,40), (960,20), (960,40), (980,60), (980,80), (960,100), (940,80), (960,60), (940,60), (920,40), (920,20), (920,40), (900,60), (880,80), (860,80), (840,80), (820,80), (800,60), (820,60), (820,80), (840,60), (840,80), (840,100), (840,80), (860,100), (840,100), (820,120), (840,100), (840,120), (860,120)

// Déplacements de l'unité terrestre 2 sur un horizon temporel (x_2^t, y_2^t) 
(400,340), (400,320), (380,320), (360,340), (340,320), (360,320), (340,340), (360,360), (380,360), (360,380), (380,400), (360,380), (380,380), (400,380), (420,380), (400,380), (400,400), (380,380), (360,400), (380,420), (400,400), (400,420), (420,420), (400,420), (420,440), (400,440), (380,420), (360,440), (380,440), (400,460), (380,440), (400,420), (420,440), (400,460), (400,440), (420,440), (440,420), (460,420), (440,420), (460,440), (480,440), (480,420), (460,440), (440,420), (420,400), (400,420), (380,400), (400,380), (420,360), (440,380), (460,380), (460,400), (480,380), (460,400), (460,380), (460,400), (440,380), (420,400), (440,400), (460,400), (440,380), (460,360), (460,380), (440,380), (420,400), (440,400), (460,420), (440,400), (460,420), (440,420), (420,400), (420,380), (400,360), (400,340), (420,340), (420,320), (440,340), (420,320), (400,340), (420,320), (400,340), (380,360), (360,340), (380,340), (360,340), (360,320), (380,320), (360,340), (340,320), (320,320), (340,320), (320,300), (340,280), (320,260), (320,280), (340,260), (360,280), (340,300), (360,320), (380,340)

// Déplacements de l'unité terrestre 3 sur un horizon temporel (x_3^t, y_3^t) 
(380,740), (380,760), (400,780), (420,800), (400,780), (380,760), (360,740), (340,740), (360,740), (360,760), (340,780), (320,800), (320,820), (340,820), (320,800), (320,780), (300,780), (320,780), (340,760), (320,740), (340,760), (320,780), (300,800), (280,800), (280,780), (300,800), (320,820), (340,820), (360,800), (340,780), (340,800), (320,780), (300,800), (320,780), (320,800), (340,820), (320,800), (320,780), (320,760), (300,780), (320,760), (340,740), (360,760), (360,740), (360,720), (340,740), (360,740), (340,740), (340,720), (360,740), (360,720), (340,740), (340,720), (360,740), (380,720), (400,700), (400,720), (380,700), (400,680), (380,660), (380,640), (400,660), (400,640), (380,660), (400,660), (400,680), (420,660), (440,640), (420,640), (400,620), (400,640), (420,620), (440,640), (440,660), (440,680), (440,660), (420,680), (400,660), (400,640), (400,660), (420,680), (440,700), (460,720), (480,740), (460,740), (480,760), (460,780), (440,800), (440,780), (420,760), (440,760), (420,760), (400,780), (420,800), (440,820), (460,820), (440,840), (420,860), (440,880), (420,860)

// Déplacements de l'unité terrestre 4 sur un horizon temporel (x_4^t, y_4^t) 
(20,140), (40,140), (60,160), (80,140), (100,120), (100,140), (100,160), (120,160), (100,160), (120,140), (120,120), (140,120), (140,100), (160,100), (160,80), (140,100), (160,100), (180,120), (180,100), (180,120), (160,100), (180,80), (180,100), (200,100), (180,100), (200,80), (200,100), (200,120), (180,120), (200,100), (180,120), (160,140), (140,160), (120,140), (100,120), (120,100), (100,120), (120,140), (140,140), (120,120), (140,100), (160,80), (140,60), (120,80), (120,60), (140,60), (160,80), (180,80), (200,100), (180,120), (200,140), (220,160), (220,140), (200,140), (180,140), (160,140), (180,120), (160,100), (160,120), (140,120), (140,100), (160,80), (180,100), (160,120), (140,140), (120,160), (120,180), (120,200), (120,180), (120,160), (100,180), (80,200), (60,180), (80,180), (100,160), (100,140), (100,160), (120,160), (120,140), (100,140), (80,160), (100,160), (120,180), (100,200), (80,200), (60,180), (40,160), (20,180), (20,160), (20,140), (20,160), (20,180), (20,160), (40,180), (20,180), (40,180), (40,200), (40,220), (40,200), (20,220)

// Déplacements de l'unité terrestre 5 sur un horizon temporel (x_5^t, y_5^t) 
(620,240), (620,260), (600,260), (620,280), (600,260), (580,280), (560,260), (560,280), (580,300), (560,280), (560,300), (580,280), (600,300), (620,320), (640,300), (640,280), (620,280), (640,280), (620,300), (640,280), (620,280), (640,280), (660,260), (640,240), (620,260), (620,240), (640,260), (660,260), (660,240), (640,260), (620,260), (620,240), (640,240), (620,260), (620,280), (640,280), (660,300), (640,300), (660,280), (680,300), (680,280), (660,300), (640,320), (620,300), (640,300), (620,300), (600,280), (580,300), (560,320), (560,340), (560,360), (540,340), (560,320), (560,340), (580,340), (580,320), (580,300), (580,320), (600,300), (620,280), (640,260), (620,240), (620,260), (600,240), (600,260), (620,240), (640,240), (640,220), (660,200), (680,180), (660,180), (640,160), (660,180), (660,200), (660,180), (640,180), (620,160), (620,140), (600,120), (580,120), (560,100), (560,80), (540,80), (540,100), (560,80), (580,60), (580,80), (580,100), (580,80), (600,100), (600,80), (620,60), (620,80), (600,100), (600,80), (600,100), (620,100), (620,120), (620,100), (640,100)

// Déplacements de l'unité terrestre 6 sur un horizon temporel (x_6^t, y_6^t) 
(160,580), (180,560), (160,560), (180,540), (180,560), (180,580), (200,560), (220,540), (240,560), (260,560), (260,580), (260,600), (280,580), (300,580), (280,580), (280,600), (280,580), (260,580), (280,580), (280,560), (300,540), (280,540), (300,560), (320,560), (340,560), (360,540), (380,540), (380,560), (380,540), (400,520), (400,540), (400,560), (420,560), (440,560), (420,580), (400,600), (380,580), (380,560), (380,540), (360,560), (340,560), (320,580), (320,560), (340,580), (340,600), (360,600), (380,600), (400,580), (400,560), (400,540), (420,520), (400,540), (420,560), (400,540), (400,520), (380,540), (400,520), (380,520), (360,500), (340,480), (360,500), (380,500), (380,480), (360,480), (380,460), (360,460), (340,440), (340,420), (320,420), (340,400), (320,380), (320,360), (320,340), (340,320), (320,320), (300,340), (280,360), (300,380), (280,400), (280,380), (260,400), (240,380), (220,360), (220,340), (240,320), (220,340), (220,360), (200,340), (180,360), (180,380), (200,360), (180,380), (200,400), (200,420), (220,420), (200,420), (180,420), (180,440), (200,440), (180,440)

// Déplacements de l'unité terrestre 7 sur un horizon temporel (x_7^t, y_7^t) 
(880,640), (900,660), (920,640), (920,620), (940,620), (940,600), (920,580), (940,600), (960,600), (960,620), (980,600), (960,580), (940,580), (920,600), (900,600), (900,580), (900,600), (900,620), (900,640), (920,620), (900,600), (920,620), (920,640), (900,640), (880,660), (880,640), (880,620), (860,640), (860,620), (880,640), (880,620), (860,640), (880,640), (860,620), (840,600), (860,580), (860,560), (880,540), (900,520), (900,540), (920,560), (920,580), (900,580), (920,560), (940,540), (960,540), (960,520), (940,540), (960,540), (980,520), (980,500), (960,520), (960,500), (940,520), (960,540), (940,560), (920,540), (920,520), (940,520), (940,500), (920,520), (940,500), (920,480), (940,480), (920,480), (900,500), (920,520), (940,540), (960,540), (960,520), (980,500), (980,480), (960,480), (980,460), (960,480), (980,460), (960,460), (980,440), (980,460), (980,440), (960,420), (940,420), (960,400), (960,380), (980,400), (960,400), (940,420), (960,400), (940,420), (920,440), (900,420), (880,400), (860,380), (840,360), (820,340), (840,360), (860,340), (860,320), (880,320), (860,340)

// Déplacements de l'unité terrestre 8 sur un horizon temporel (x_8^t, y_8^t) 
(520,220), (540,200), (560,180), (560,200), (540,220), (560,200), (560,220), (540,220), (540,200), (560,200), (560,220), (540,200), (560,200), (560,220), (540,240), (560,260), (560,280), (560,260), (580,240), (560,240), (580,240), (560,260), (560,240), (580,240), (580,220), (580,200), (560,220), (560,240), (580,260), (580,240), (600,220), (620,200), (640,200), (620,180), (600,200), (620,220), (620,200), (640,200), (620,200), (640,200), (620,200), (600,180), (620,160), (620,180), (620,160), (620,140), (640,160), (640,180), (640,160), (640,140), (660,120), (640,140), (620,140), (640,120), (660,140), (640,160), (620,140), (600,120), (600,100), (620,80), (620,60), (640,80), (620,80), (640,80), (660,100), (640,120), (660,140), (660,120), (680,100), (680,120), (700,140), (700,120), (680,140), (680,120), (660,100), (640,80), (640,60), (640,40), (620,20), (620,40), (640,20), (620,40), (600,40), (580,40), (560,60), (580,40), (580,20), (600,20), (580,40), (560,40), (560,60), (580,80), (580,60), (560,40), (540,40), (520,60), (500,60), (480,60), (500,60), (520,60)

// Déplacements de l'unité terrestre 9 sur un horizon temporel (x_9^t, y_9^t) 
(120,760), (120,780), (140,780), (120,780), (140,800), (160,800), (140,820), (140,840), (160,820), (140,820), (140,840), (140,820), (120,840), (120,860), (100,860), (80,880), (60,880), (80,860), (80,880), (100,860), (80,860), (100,860), (120,860), (120,880), (100,860), (120,840), (120,820), (100,800), (100,780), (80,800), (80,780), (60,800), (80,800), (60,800), (60,820), (40,840), (60,860), (80,840), (60,840), (80,860), (100,880), (100,900), (100,880), (120,860), (100,860), (120,880), (100,880), (80,880), (100,880), (80,900), (60,920), (80,940), (100,920), (100,940), (80,940), (60,920), (80,920), (80,900), (80,880), (80,860), (100,840), (100,820), (80,800), (60,820), (60,800), (80,820), (80,840), (60,860), (80,880), (100,860), (100,840), (80,840), (80,860), (60,860), (40,840), (40,860), (40,880), (60,860), (40,860), (40,880), (20,880), (40,860), (40,840), (60,820), (60,800), (40,780), (40,800), (60,820), (60,800), (40,820), (20,840), (20,860), (20,840), (20,820), (40,820), (20,820), (20,800), (40,780), (60,780), (80,760)

// Déplacements de l'unité terrestre 10 sur un horizon temporel (x_10^t, y_10^t) 
(800,420), (820,440), (840,440), (840,420), (820,400), (820,380), (820,360), (840,340), (820,360), (820,380), (840,360), (840,380), (860,360), (840,360), (820,360), (800,360), (820,340), (800,320), (780,300), (780,280), (760,300), (740,320), (760,340), (760,360), (780,380), (800,360), (780,380), (800,400), (820,400), (800,380), (820,400), (820,380), (800,380), (780,400), (760,380), (760,400), (780,380), (800,380), (780,360), (780,340), (780,320), (760,340), (780,340), (800,320), (780,320), (800,300), (780,280), (780,300), (800,300), (780,320), (780,300), (800,300), (800,280), (820,280), (820,300), (800,320), (780,320), (760,300), (760,320), (780,320), (800,320), (780,300), (800,320), (780,340), (780,360), (800,380), (820,400), (820,380), (800,360), (780,340), (760,360), (760,340), (780,320), (800,320), (820,340), (820,320), (840,300), (820,280), (840,260), (860,260), (860,240), (860,260), (860,240), (860,260), (840,280), (860,260), (880,240), (880,220), (900,220), (900,240), (880,220), (900,220), (880,200), (880,220), (880,200), (880,220), (900,240), (920,260), (920,280), (940,300)

