// Déplacements de l'unité terrestre 1 sur un horizon temporel (x_1^t, y_1^t) 
(200,880), (200,900), (180,900), (160,880), (160,900), (180,880), (200,880), (220,880), (240,860), (260,860), (240,860), (260,880), (260,860), (240,880), (260,880), (280,860), (300,860), (300,880), (300,860), (320,860), (320,880), (340,880), (320,880), (300,880), (300,860), (320,840), (320,860), (340,880), (360,860), (380,880), (360,880), (340,900), (360,880), (380,880), (400,860), (380,880), (360,900), (360,920), (340,920), (320,940), (340,940), (360,920), (340,920), (360,920), (340,900), (340,880), (320,880), (300,880), (280,860), (260,860), (240,860), (240,840), (260,820), (260,840), (280,860), (280,880), (300,880), (280,860), (300,880), (300,860), (280,860), (260,880), (240,860), (260,880), (280,880), (280,860), (280,840), (300,860), (320,860), (300,860), (320,860), (340,860), (320,880), (340,900), (340,880), (320,860), (320,840), (340,840), (360,820), (340,840), (320,860), (320,880), (320,860), (300,840), (280,840), (260,820), (240,840), (240,820), (240,800), (220,800), (240,780), (220,800), (240,820), (220,800), (240,800), (260,800), (280,820), (280,840), (260,860), (280,860)

// Déplacements de l'unité terrestre 2 sur un horizon temporel (x_2^t, y_2^t) 
(80,740), (100,740), (100,720), (120,720), (120,700), (140,720), (120,700), (100,720), (80,700), (100,680), (100,700), (120,700), (140,720), (120,720), (120,700), (120,680), (100,660), (80,660), (80,640), (100,640), (80,640), (60,640), (80,620), (100,640), (120,620), (120,640), (140,660), (120,660), (100,680), (80,660), (60,640), (40,640), (60,620), (40,600), (20,600), (20,620), (40,640), (20,660), (40,680), (60,680), (60,660), (60,680), (40,680), (60,660), (80,660), (100,640), (120,660), (100,680), (80,680), (60,680), (80,700), (100,680), (80,660), (80,640), (100,660), (80,680), (60,680), (60,700), (40,720), (20,700), (20,680), (40,680), (20,700), (40,700), (20,720), (40,700), (20,680), (40,680), (40,700), (20,720), (40,740), (40,720), (60,740), (40,760), (40,740), (40,760), (60,780), (80,760), (80,740), (100,720), (120,740), (100,760), (80,760), (80,740), (80,720), (60,720), (80,720), (80,740), (80,760), (100,760), (80,740), (100,740), (100,760), (80,740), (100,760), (80,760), (80,780), (60,780), (40,780), (60,780)

// Déplacements de l'unité terrestre 3 sur un horizon temporel (x_3^t, y_3^t) 
(840,660), (860,680), (880,660), (860,680), (880,660), (880,680), (900,700), (920,680), (940,700), (960,720), (980,740), (960,740), (940,760), (940,780), (960,760), (980,740), (960,720), (980,700), (960,680), (980,680), (980,660), (980,680), (980,660), (980,640), (980,620), (960,640), (940,620), (960,640), (980,640), (980,620), (960,620), (940,620), (920,640), (900,660), (920,680), (920,660), (940,680), (940,660), (940,680), (920,680), (920,700), (900,680), (880,660), (900,640), (880,640), (860,620), (840,600), (820,580), (820,600), (820,580), (820,600), (800,620), (780,600), (780,580), (760,580), (740,580), (720,580), (720,560), (740,540), (720,560), (700,540), (680,520), (700,540), (720,560), (740,580), (740,560), (720,580), (720,600), (700,580), (680,600), (680,580), (680,560), (680,580), (700,560), (720,580), (740,580), (720,560), (720,580), (700,600), (700,580), (720,580), (700,600), (680,600), (660,580), (680,600), (680,620), (700,600), (680,580), (700,600), (680,580), (660,600), (680,580), (700,560), (720,580), (700,580), (720,580), (700,560), (680,560), (700,560), (700,540)

// Déplacements de l'unité terrestre 4 sur un horizon temporel (x_4^t, y_4^t) 
(280,140), (300,120), (320,100), (300,80), (280,60), (300,60), (280,40), (300,20), (280,40), (280,20), (280,40), (280,20), (300,20), (320,40), (300,60), (280,60), (300,40), (280,40), (260,20), (280,20), (280,40), (280,60), (300,60), (320,40), (340,20), (320,40), (300,20), (320,20), (300,40), (320,20), (320,40), (300,20), (300,40), (300,20), (280,40), (260,20), (280,20), (300,20), (300,40), (300,20), (300,40), (300,20), (280,40), (280,60), (300,40), (280,20), (300,40), (320,20), (300,20), (280,40), (300,60), (300,80), (320,100), (300,80), (300,60), (320,60), (300,40), (280,40), (260,60), (260,40), (240,40), (260,20), (260,40), (260,20), (280,40), (280,60), (280,40), (300,20), (320,20), (300,40), (320,40), (340,40), (320,20), (340,40), (360,60), (340,40), (360,20), (360,40), (340,40), (340,60), (360,40), (380,60), (360,60), (360,40), (360,60), (360,80), (380,60), (400,60), (380,60), (380,80), (360,60), (340,40), (320,60), (320,40), (300,20), (320,40), (340,40), (320,20), (320,40), (300,20)

// Déplacements de l'unité terrestre 5 sur un horizon temporel (x_5^t, y_5^t) 
(820,820), (800,840), (820,840), (820,820), (840,820), (860,820), (860,840), (880,860), (860,880), (860,860), (860,880), (840,880), (860,880), (860,900), (860,920), (880,920), (900,920), (920,940), (900,940), (900,920), (900,900), (920,920), (940,920), (920,940), (920,960), (900,980), (900,960), (920,940), (940,960), (960,940), (940,920), (940,900), (960,880), (980,900), (960,900), (940,900), (920,880), (920,900), (940,920), (920,920), (900,940), (900,960), (920,940), (900,940), (880,920), (900,920), (920,920), (920,900), (900,920), (900,940), (920,960), (940,980), (960,980), (960,960), (940,940), (920,920), (940,900), (960,900), (940,920), (960,920), (980,920), (960,900), (940,900), (920,920), (920,900), (940,900), (920,900), (940,880), (960,860), (980,880), (960,900), (940,920), (920,940), (900,940), (880,940), (900,940), (880,960), (900,980), (880,960), (900,940), (880,940), (880,960), (880,940), (900,940), (920,940), (940,940), (940,920), (960,920), (960,900), (980,920), (960,940), (980,960), (960,960), (980,940), (960,940), (940,940), (920,920), (940,920), (920,900), (900,920)

// Déplacements de l'unité terrestre 6 sur un horizon temporel (x_6^t, y_6^t) 
(920,540), (920,520), (900,500), (900,480), (880,480), (860,480), (840,480), (820,460), (840,460), (820,480), (800,460), (780,440), (800,420), (820,440), (840,460), (840,480), (840,500), (860,520), (840,520), (860,540), (840,540), (820,540), (820,520), (820,540), (840,560), (820,580), (800,600), (820,620), (840,600), (860,600), (840,600), (820,620), (840,600), (820,620), (820,600), (840,580), (820,560), (800,540), (820,520), (840,520), (840,540), (840,560), (860,540), (840,540), (820,520), (800,540), (780,540), (780,560), (760,540), (740,540), (740,520), (720,540), (720,520), (740,500), (760,480), (780,460), (800,460), (780,460), (780,440), (800,460), (800,440), (780,420), (760,420), (740,440), (740,420), (760,400), (780,380), (800,360), (820,380), (820,400), (820,380), (820,400), (800,380), (800,400), (800,420), (780,440), (800,460), (800,440), (820,460), (800,480), (800,500), (780,480), (780,500), (760,520), (780,540), (760,540), (740,540), (740,560), (720,580), (700,560), (680,580), (700,560), (680,560), (660,580), (640,560), (660,560), (680,540), (700,560), (720,580), (700,580)

// Déplacements de l'unité terrestre 7 sur un horizon temporel (x_7^t, y_7^t) 
(140,300), (140,320), (160,300), (180,300), (200,320), (200,340), (220,340), (240,340), (220,340), (240,340), (220,340), (200,320), (200,340), (180,360), (200,380), (180,400), (180,380), (160,360), (140,380), (120,380), (100,360), (120,360), (100,380), (80,360), (80,340), (100,320), (120,340), (140,320), (140,340), (140,320), (160,300), (180,300), (160,300), (140,300), (120,280), (140,260), (140,240), (160,240), (180,240), (160,260), (180,280), (160,280), (180,300), (160,300), (160,280), (180,260), (160,260), (140,240), (160,220), (140,240), (140,260), (140,280), (120,300), (100,320), (80,320), (80,340), (60,320), (60,300), (40,280), (60,280), (40,300), (20,300), (40,280), (60,280), (60,260), (40,240), (20,220), (20,240), (20,260), (20,280), (40,300), (60,320), (40,320), (40,340), (60,340), (80,340), (60,340), (80,360), (100,380), (120,400), (100,380), (100,400), (100,380), (80,360), (80,380), (60,380), (60,400), (60,380), (80,360), (80,380), (60,400), (80,420), (60,440), (80,440), (100,460), (120,440), (140,440), (160,440), (160,420), (180,400)

// Déplacements de l'unité terrestre 8 sur un horizon temporel (x_8^t, y_8^t) 
(620,740), (640,720), (620,700), (620,680), (640,660), (620,660), (600,640), (620,640), (600,660), (620,640), (620,660), (640,680), (620,680), (640,680), (640,700), (660,680), (660,660), (680,660), (660,640), (640,660), (640,680), (660,680), (680,680), (660,660), (680,640), (680,660), (660,640), (680,640), (700,620), (680,640), (660,620), (640,600), (660,620), (660,600), (660,620), (680,620), (660,600), (640,580), (640,600), (640,580), (660,580), (640,600), (660,580), (640,580), (660,600), (640,600), (660,620), (640,620), (620,620), (600,600), (600,580), (620,560), (640,540), (660,520), (680,500), (680,520), (660,520), (680,500), (660,520), (640,520), (620,520), (600,500), (600,520), (620,520), (600,520), (600,500), (620,520), (620,540), (640,520), (620,520), (620,500), (640,480), (660,460), (640,480), (620,500), (640,520), (620,520), (600,520), (580,520), (600,500), (580,500), (560,480), (540,500), (560,480), (560,500), (580,520), (600,540), (620,540), (620,560), (600,540), (620,520), (600,540), (580,560), (580,580), (580,600), (560,600), (580,580), (600,600), (620,580), (640,560)

// Déplacements de l'unité terrestre 9 sur un horizon temporel (x_9^t, y_9^t) 
(280,980), (300,980), (320,960), (320,980), (300,980), (280,960), (300,940), (280,960), (260,940), (240,940), (260,940), (260,920), (240,920), (220,940), (200,920), (180,900), (160,920), (180,920), (200,920), (220,940), (200,920), (200,940), (180,920), (180,900), (200,920), (200,940), (220,940), (240,960), (240,940), (220,940), (200,960), (220,980), (240,960), (260,980), (280,980), (260,980), (280,960), (300,940), (320,940), (320,960), (320,940), (340,940), (360,960), (340,940), (320,940), (320,920), (300,900), (320,900), (300,920), (320,940), (300,960), (300,940), (320,920), (320,900), (320,920), (320,940), (340,960), (320,960), (340,940), (320,920), (340,940), (340,920), (340,940), (320,920), (340,940), (360,920), (360,900), (340,900), (360,900), (340,880), (320,860), (340,840), (340,820), (360,800), (340,780), (360,800), (340,820), (360,820), (360,800), (360,820), (380,820), (400,840), (380,860), (400,880), (380,900), (380,880), (400,900), (400,880), (380,900), (400,880), (400,900), (380,920), (380,900), (360,880), (380,900), (380,920), (360,940), (340,920), (360,920), (380,920)

// Déplacements de l'unité terrestre 10 sur un horizon temporel (x_10^t, y_10^t) 
(460,120), (460,100), (440,120), (440,140), (440,120), (460,120), (460,100), (440,100), (460,120), (480,140), (500,160), (480,160), (460,140), (460,160), (440,160), (460,180), (440,160), (420,140), (440,120), (440,140), (460,140), (440,120), (460,120), (480,100), (480,120), (460,140), (440,140), (420,140), (420,120), (400,120), (380,140), (360,140), (340,120), (320,140), (340,140), (360,140), (340,120), (320,100), (300,80), (300,100), (320,80), (340,80), (320,100), (340,120), (360,120), (340,120), (340,100), (320,80), (300,100), (320,120), (340,100), (320,100), (340,120), (340,140), (320,160), (300,140), (320,140), (320,160), (340,160), (340,140), (340,120), (340,140), (360,140), (360,120), (340,140), (320,160), (340,140), (320,120), (340,140), (320,140), (340,120), (340,100), (320,80), (320,60), (340,80), (340,100), (360,100), (340,80), (320,60), (300,40), (280,40), (300,20), (300,40), (280,40), (300,60), (300,80), (280,60), (260,60), (260,80), (240,100), (260,100), (260,80), (240,80), (240,60), (260,60), (240,60), (220,60), (220,80), (200,60), (220,80)

