// Déplacements de l'unité terrestre 1 sur un horizon temporel (x_1^t, y_1^t) 
(160,640), (160,660), (160,640), (160,620), (180,600), (160,600), (180,580), (160,600), (180,620), (160,620), (140,620), (160,640), (140,620), (160,640), (140,620), (120,640), (140,660), (120,640), (140,660), (140,640), (160,660), (180,660), (160,680), (160,660), (160,640), (180,640), (160,620), (160,600), (140,600), (120,580), (120,560), (140,540), (160,540), (180,520), (160,520), (160,500), (160,520), (180,540), (180,560), (200,560), (220,580), (200,560), (180,580), (160,600), (160,580), (160,560), (140,560), (120,540), (140,520), (160,520), (140,520), (140,540), (120,540), (140,560), (120,580), (140,580), (120,580), (140,580), (120,580), (120,600), (140,600), (120,580), (140,600), (120,620), (120,600), (100,600), (120,600), (100,580), (80,600), (100,600), (100,620), (80,640), (60,620), (40,600), (60,580), (80,600), (60,620), (40,620), (20,600), (20,580), (40,560), (60,540), (40,540), (20,520), (40,520), (20,540), (40,560), (60,540), (40,520), (60,520), (80,540), (100,540), (80,540), (80,520), (60,500), (80,520), (60,520), (60,500), (80,480), (100,500)

// Déplacements de l'unité terrestre 2 sur un horizon temporel (x_2^t, y_2^t) 
(620,360), (600,380), (620,360), (620,340), (640,360), (660,380), (680,400), (680,420), (660,400), (680,400), (700,380), (720,400), (720,420), (740,420), (740,400), (740,420), (760,420), (780,420), (800,400), (780,400), (760,380), (740,360), (760,360), (780,380), (760,360), (780,360), (760,380), (780,380), (780,400), (800,420), (780,440), (780,420), (760,420), (740,440), (720,440), (700,460), (700,440), (700,420), (680,400), (680,420), (660,400), (640,420), (620,420), (600,400), (580,400), (600,380), (620,400), (640,400), (620,420), (640,400), (620,380), (640,380), (640,360), (660,360), (640,380), (640,400), (620,420), (620,440), (640,440), (640,460), (660,440), (660,460), (640,480), (620,500), (600,500), (600,480), (620,500), (620,520), (600,520), (600,500), (600,480), (580,480), (600,460), (580,440), (600,420), (620,420), (640,420), (640,440), (660,420), (660,440), (680,460), (700,440), (700,420), (700,440), (700,420), (700,440), (720,440), (720,420), (720,440), (720,420), (720,440), (740,440), (760,420), (740,400), (760,420), (760,400), (760,420), (780,440), (760,460), (780,460)

// Déplacements de l'unité terrestre 3 sur un horizon temporel (x_3^t, y_3^t) 
(420,440), (400,440), (420,440), (400,440), (420,420), (420,400), (400,380), (420,360), (400,380), (400,400), (380,400), (400,420), (380,400), (400,400), (380,380), (360,400), (380,380), (400,360), (420,360), (420,340), (420,320), (440,340), (460,360), (480,360), (500,360), (480,360), (500,360), (480,360), (480,340), (500,360), (520,360), (540,360), (540,340), (540,360), (540,340), (560,320), (540,300), (560,280), (580,260), (600,240), (600,260), (600,240), (580,240), (560,240), (560,260), (580,260), (600,240), (600,260), (600,280), (580,260), (560,260), (580,240), (580,260), (560,280), (540,280), (540,300), (520,320), (540,300), (560,320), (560,340), (560,320), (580,320), (600,340), (600,360), (580,340), (560,340), (580,320), (560,340), (560,360), (580,360), (600,380), (600,360), (580,360), (560,360), (580,380), (600,400), (620,420), (640,400), (620,400), (640,380), (640,400), (660,380), (640,400), (640,380), (660,380), (660,360), (640,340), (660,360), (680,380), (700,400), (720,400), (700,420), (700,400), (680,420), (660,400), (680,380), (680,360), (660,340), (660,360), (640,380)

// Déplacements de l'unité terrestre 4 sur un horizon temporel (x_4^t, y_4^t) 
(20,40), (20,60), (40,40), (20,60), (40,40), (20,40), (20,60), (40,80), (60,80), (40,100), (60,80), (60,60), (40,60), (40,40), (20,40), (20,20), (40,40), (60,40), (60,20), (80,40), (60,20), (60,40), (60,60), (40,60), (40,80), (20,80), (20,100), (20,120), (20,100), (40,120), (40,140), (60,120), (80,140), (100,160), (80,160), (100,140), (80,140), (100,140), (80,120), (100,100), (120,80), (100,60), (80,60), (100,80), (80,80), (100,60), (80,60), (60,60), (40,80), (60,100), (40,100), (60,100), (60,120), (60,100), (60,120), (40,120), (60,140), (80,120), (60,120), (60,100), (40,120), (20,140), (40,120), (20,100), (40,80), (60,60), (40,60), (60,80), (60,100), (40,120), (20,120), (40,100), (60,100), (80,120), (60,120), (80,140), (80,120), (80,100), (100,120), (80,100), (100,80), (120,100), (100,100), (80,100), (60,120), (40,140), (60,160), (80,160), (60,140), (40,140), (40,160), (40,140), (60,160), (80,140), (80,120), (80,100), (100,100), (80,80), (60,80), (60,60)

// Déplacements de l'unité terrestre 5 sur un horizon temporel (x_5^t, y_5^t) 
(60,100), (60,80), (80,100), (60,80), (40,80), (20,60), (40,40), (20,20), (40,20), (60,40), (80,40), (100,40), (120,40), (120,20), (100,40), (80,40), (60,20), (80,20), (100,40), (100,60), (80,40), (60,60), (80,40), (100,60), (120,40), (100,40), (80,40), (80,60), (80,80), (100,80), (100,60), (120,80), (100,80), (120,60), (100,80), (100,60), (120,40), (140,20), (160,40), (160,20), (140,40), (160,40), (160,20), (140,40), (120,20), (100,40), (120,40), (140,40), (120,20), (140,40), (160,40), (140,60), (140,80), (140,60), (140,40), (160,20), (160,40), (140,40), (120,40), (100,20), (80,40), (100,60), (120,80), (100,80), (120,100), (120,80), (120,60), (120,40), (100,60), (80,60), (80,80), (100,60), (120,60), (100,40), (120,20), (120,40), (100,40), (120,40), (100,60), (120,80), (140,60), (120,80), (100,100), (80,80), (100,60), (80,80), (60,60), (60,40), (40,20), (20,20), (20,40), (40,40), (20,20), (40,20), (60,20), (40,40), (60,60), (40,40), (60,20), (60,40)

// Déplacements de l'unité terrestre 6 sur un horizon temporel (x_6^t, y_6^t) 
(400,660), (380,680), (380,700), (360,720), (340,740), (320,720), (340,700), (360,700), (380,700), (360,680), (340,680), (340,660), (320,640), (340,640), (360,620), (340,640), (360,640), (380,620), (400,600), (380,600), (380,620), (380,640), (400,620), (380,600), (400,620), (380,620), (400,600), (420,580), (420,560), (440,560), (440,540), (460,540), (480,520), (460,520), (480,500), (460,480), (440,480), (420,460), (420,480), (440,500), (460,500), (440,520), (460,540), (460,520), (440,500), (460,500), (480,480), (460,460), (460,480), (480,460), (460,480), (480,460), (460,440), (480,440), (500,440), (520,420), (500,440), (500,420), (480,400), (500,400), (500,380), (480,360), (500,380), (520,380), (520,400), (520,420), (500,420), (520,420), (540,440), (560,460), (580,480), (600,460), (580,440), (600,420), (600,440), (580,440), (560,420), (540,420), (560,440), (540,440), (560,420), (560,400), (560,380), (560,400), (540,420), (520,400), (540,400), (520,420), (520,440), (500,440), (480,460), (460,440), (440,440), (460,420), (460,400), (480,380), (460,360), (460,340), (480,320), (500,340)

// Déplacements de l'unité terrestre 7 sur un horizon temporel (x_7^t, y_7^t) 
(220,140), (200,160), (220,160), (240,160), (220,160), (240,180), (260,180), (260,200), (240,180), (260,200), (240,180), (220,180), (220,200), (200,220), (220,200), (200,220), (220,220), (220,240), (220,220), (200,220), (200,200), (220,200), (240,200), (240,220), (260,220), (280,240), (280,220), (260,220), (240,220), (260,200), (260,180), (280,160), (300,160), (280,160), (300,180), (320,180), (340,160), (320,160), (340,140), (360,140), (380,120), (380,140), (380,160), (360,160), (340,180), (320,180), (300,180), (320,180), (300,180), (320,160), (320,140), (300,140), (320,140), (300,160), (300,140), (320,140), (300,140), (320,140), (320,120), (320,140), (320,120), (340,100), (320,120), (300,100), (320,120), (340,140), (320,120), (300,140), (320,140), (340,140), (320,160), (300,180), (320,180), (300,160), (280,140), (260,160), (280,140), (280,160), (280,140), (300,160), (320,180), (340,200), (340,180), (360,160), (380,180), (380,160), (360,180), (340,200), (340,180), (340,160), (320,140), (300,120), (300,140), (320,120), (300,120), (320,120), (320,100), (300,100), (320,120), (300,100)

// Déplacements de l'unité terrestre 8 sur un horizon temporel (x_8^t, y_8^t) 
(220,640), (220,660), (240,660), (220,660), (200,640), (220,660), (200,680), (180,660), (160,660), (140,680), (120,700), (140,680), (160,680), (180,680), (180,700), (180,680), (200,660), (220,680), (220,700), (240,720), (240,700), (260,680), (240,660), (220,680), (200,700), (180,680), (200,660), (220,660), (240,660), (220,660), (240,680), (260,680), (280,680), (300,700), (280,720), (260,720), (280,740), (280,760), (300,760), (320,740), (320,760), (300,760), (320,740), (340,740), (360,720), (340,740), (340,760), (360,780), (380,780), (360,800), (380,780), (360,800), (360,780), (340,760), (320,780), (320,800), (320,820), (300,840), (300,860), (320,880), (300,880), (300,900), (280,920), (300,900), (300,920), (280,940), (300,960), (300,980), (280,980), (260,960), (280,980), (280,960), (260,940), (240,960), (260,980), (260,960), (240,940), (220,960), (220,980), (220,960), (200,940), (220,960), (220,980), (220,960), (200,980), (220,980), (200,980), (200,960), (220,960), (240,980), (260,980), (240,980), (260,960), (240,980), (220,980), (200,960), (200,940), (220,940), (220,960), (200,980)

// Déplacements de l'unité terrestre 9 sur un horizon temporel (x_9^t, y_9^t) 
(840,580), (860,580), (880,580), (860,580), (840,560), (820,580), (800,580), (780,560), (800,560), (820,560), (820,580), (820,600), (840,580), (840,600), (840,580), (820,560), (840,560), (860,540), (860,520), (840,540), (860,540), (880,520), (880,500), (880,520), (900,500), (920,480), (900,500), (880,520), (900,540), (880,540), (860,560), (840,580), (820,560), (840,540), (860,560), (860,540), (880,520), (860,500), (840,480), (840,460), (860,460), (840,440), (860,440), (880,440), (900,460), (880,440), (880,460), (880,480), (880,500), (900,520), (880,540), (880,520), (880,540), (860,520), (840,540), (820,540), (800,540), (780,560), (760,580), (740,600), (760,580), (760,560), (740,560), (720,540), (740,520), (720,500), (740,520), (740,500), (740,480), (740,500), (760,500), (780,520), (800,500), (780,480), (780,460), (780,440), (800,440), (800,420), (800,440), (800,420), (780,400), (780,420), (780,440), (760,420), (780,420), (760,420), (740,420), (720,420), (740,440), (740,460), (720,460), (740,480), (720,480), (740,500), (760,520), (780,540), (780,520), (760,520), (780,540), (800,520)

// Déplacements de l'unité terrestre 10 sur un horizon temporel (x_10^t, y_10^t) 
(120,640), (140,620), (120,620), (100,600), (120,580), (120,560), (140,540), (140,520), (120,500), (140,520), (160,540), (140,560), (120,580), (100,600), (120,620), (120,600), (140,600), (160,580), (180,580), (200,560), (180,560), (160,560), (180,580), (180,560), (200,580), (220,560), (200,580), (180,580), (200,560), (220,540), (220,560), (240,560), (220,580), (240,580), (220,600), (200,620), (200,600), (220,620), (200,640), (220,620), (240,600), (260,580), (240,600), (260,600), (240,600), (260,620), (260,600), (260,620), (240,620), (260,640), (240,660), (220,660), (220,680), (200,660), (220,640), (240,640), (260,640), (240,640), (260,620), (280,640), (300,660), (280,640), (300,640), (320,640), (320,620), (340,640), (360,660), (340,660), (320,660), (300,640), (280,640), (260,620), (240,620), (220,620), (240,640), (260,640), (280,660), (300,680), (300,660), (320,680), (300,680), (280,700), (280,680), (260,680), (280,660), (260,640), (240,620), (260,640), (240,620), (260,640), (240,620), (260,620), (260,640), (240,620), (260,620), (260,640), (240,620), (260,620), (240,600), (260,620)

