// Déplacements de l'unité terrestre 1 sur un horizon temporel (x_1^t, y_1^t) 
(660,740), (680,740), (660,740), (680,760), (700,760), (700,740), (680,720), (680,740), (700,740), (680,740), (700,720), (720,700), (740,700), (760,680), (780,660), (800,640), (780,660), (760,680), (780,700), (760,720), (740,720), (760,720), (780,740), (800,760), (780,780), (780,760), (760,780), (760,800), (780,820), (780,840), (800,840), (780,840), (760,860), (740,860), (740,880), (720,880), (720,900), (720,920), (700,940), (700,960), (700,980), (720,960), (740,940), (760,920), (760,900), (740,880), (740,860), (760,860), (760,840), (780,860), (800,880), (820,880), (800,860), (780,860), (800,860), (780,840), (760,840), (760,820), (760,800), (780,820), (780,840), (800,860), (780,880), (780,900), (800,920), (780,900), (800,920), (800,900), (820,900), (800,900), (780,920), (800,920), (800,900), (820,900), (840,880), (860,900), (840,880), (840,860), (820,860), (820,840), (840,860), (860,860), (880,880), (860,860), (860,880), (860,900), (880,900), (860,920), (840,940), (820,960), (800,960), (780,980), (800,960), (780,940), (760,960), (740,980), (760,980), (760,960), (780,940), (800,960)

// Déplacements de l'unité terrestre 2 sur un horizon temporel (x_2^t, y_2^t) 
(920,640), (940,620), (920,640), (940,620), (920,600), (900,580), (900,560), (900,540), (920,560), (940,540), (920,540), (940,540), (940,560), (920,540), (940,540), (940,520), (920,520), (940,500), (940,520), (960,500), (980,480), (960,460), (940,460), (940,440), (920,420), (900,400), (920,400), (940,400), (920,400), (900,380), (920,400), (900,420), (920,440), (940,420), (920,440), (940,420), (920,420), (900,420), (900,440), (900,420), (920,440), (920,420), (900,440), (920,420), (940,420), (960,440), (980,440), (960,420), (960,400), (980,380), (960,380), (960,360), (940,360), (920,340), (940,320), (920,320), (920,340), (920,360), (920,380), (900,360), (880,380), (880,360), (900,340), (920,320), (920,300), (900,320), (920,300), (900,320), (900,300), (920,280), (900,280), (920,260), (940,240), (960,220), (960,240), (940,240), (920,260), (940,260), (960,260), (960,240), (940,220), (960,200), (980,200), (960,220), (980,220), (980,200), (960,220), (980,200), (980,220), (960,240), (940,260), (920,260), (920,240), (940,240), (920,260), (900,240), (920,260), (940,280), (920,280), (940,300)

// Déplacements de l'unité terrestre 3 sur un horizon temporel (x_3^t, y_3^t) 
(760,760), (740,780), (740,800), (740,820), (760,840), (740,840), (720,860), (740,860), (720,880), (700,900), (700,880), (680,860), (700,880), (700,900), (720,920), (740,940), (740,920), (740,940), (760,960), (780,940), (780,960), (800,960), (800,940), (820,960), (840,960), (820,940), (840,920), (840,940), (860,920), (880,940), (900,940), (880,940), (860,920), (840,940), (860,960), (860,940), (860,960), (860,940), (880,960), (900,940), (920,960), (940,940), (920,940), (900,920), (920,920), (900,920), (920,920), (920,940), (900,960), (880,940), (900,920), (900,940), (880,940), (900,920), (900,940), (920,920), (900,920), (880,920), (880,940), (860,920), (840,920), (840,900), (860,880), (880,900), (900,900), (900,920), (900,940), (920,920), (920,940), (940,960), (960,960), (980,940), (960,920), (940,900), (940,920), (920,940), (900,920), (920,920), (920,940), (900,920), (880,900), (880,920), (880,900), (900,900), (900,920), (880,920), (900,920), (900,940), (920,960), (920,940), (920,920), (900,920), (880,940), (860,940), (840,940), (860,960), (880,940), (880,960), (900,960), (880,960)

// Déplacements de l'unité terrestre 4 sur un horizon temporel (x_4^t, y_4^t) 
(860,880), (880,880), (900,880), (880,880), (860,880), (860,860), (840,840), (820,840), (840,820), (820,820), (800,840), (800,860), (820,880), (840,880), (860,900), (880,920), (900,940), (880,960), (900,960), (880,960), (880,980), (880,960), (900,940), (920,960), (900,940), (880,940), (880,920), (860,900), (840,880), (860,900), (860,880), (860,900), (860,920), (840,900), (860,880), (860,860), (840,840), (840,860), (860,880), (880,900), (860,880), (860,900), (840,920), (820,900), (800,920), (780,920), (760,940), (780,940), (780,960), (780,980), (800,980), (800,960), (800,940), (800,960), (780,940), (800,940), (800,960), (780,940), (780,960), (800,960), (800,980), (820,960), (840,980), (820,960), (840,940), (860,920), (840,900), (840,880), (820,900), (820,920), (800,900), (780,920), (760,920), (740,940), (720,940), (700,920), (720,920), (740,940), (760,960), (780,940), (760,940), (780,960), (800,960), (820,980), (800,960), (800,940), (820,960), (820,980), (800,960), (820,940), (800,960), (820,980), (800,980), (820,960), (800,980), (800,960), (800,980), (800,960), (780,960), (780,980)

// Déplacements de l'unité terrestre 5 sur un horizon temporel (x_5^t, y_5^t) 
(660,720), (660,700), (680,700), (660,700), (680,680), (660,660), (680,640), (660,620), (680,600), (700,620), (680,600), (680,620), (700,640), (720,620), (740,600), (740,580), (740,600), (740,620), (720,640), (700,640), (720,660), (700,640), (720,660), (720,680), (740,700), (760,720), (740,720), (720,720), (700,700), (680,720), (700,720), (720,740), (740,740), (720,720), (700,740), (680,760), (700,760), (680,740), (700,760), (680,740), (660,760), (660,740), (660,720), (680,740), (660,720), (640,700), (660,680), (660,700), (660,720), (660,740), (680,720), (660,740), (680,760), (700,780), (720,760), (720,740), (720,720), (740,720), (720,700), (740,720), (760,740), (760,760), (760,740), (780,720), (760,700), (760,720), (780,700), (800,720), (800,740), (820,740), (840,760), (820,760), (800,740), (820,740), (800,740), (800,760), (820,780), (800,780), (820,780), (800,760), (800,780), (780,780), (760,760), (760,780), (740,760), (740,780), (760,760), (740,760), (760,780), (780,800), (780,820), (800,800), (780,820), (760,800), (780,800), (760,800), (740,800), (760,800), (760,820), (740,820)

// Déplacements de l'unité terrestre 6 sur un horizon temporel (x_6^t, y_6^t) 
(400,860), (380,860), (360,880), (380,860), (360,840), (380,820), (360,800), (380,820), (360,800), (340,820), (360,840), (340,820), (320,800), (320,780), (340,780), (360,780), (380,760), (380,780), (400,760), (380,740), (400,760), (380,780), (360,780), (340,800), (320,780), (300,800), (280,780), (300,760), (320,740), (340,760), (340,780), (360,780), (340,800), (340,820), (360,820), (340,840), (320,860), (300,840), (320,820), (340,840), (360,860), (360,880), (380,900), (360,900), (340,880), (360,880), (340,880), (360,880), (340,880), (360,880), (380,900), (360,900), (380,880), (360,900), (360,920), (380,900), (400,920), (420,920), (440,940), (460,960), (440,980), (460,980), (440,960), (460,960), (480,960), (480,980), (480,960), (500,980), (520,980), (500,960), (500,940), (500,960), (480,960), (480,980), (460,980), (480,960), (480,940), (480,920), (500,900), (480,880), (480,900), (460,900), (440,880), (420,860), (400,860), (380,880), (380,900), (380,880), (380,900), (360,900), (340,900), (360,920), (380,940), (380,960), (380,940), (400,920), (420,900), (420,880), (400,900), (380,900)

// Déplacements de l'unité terrestre 7 sur un horizon temporel (x_7^t, y_7^t) 
(840,580), (860,560), (880,580), (900,600), (880,580), (860,580), (880,560), (880,580), (900,600), (880,600), (860,600), (840,600), (840,580), (820,560), (800,580), (820,600), (800,580), (820,600), (800,620), (780,640), (760,640), (780,660), (780,680), (780,660), (760,680), (760,660), (740,660), (720,640), (740,620), (720,620), (700,640), (680,640), (660,660), (680,660), (660,660), (680,640), (680,620), (700,620), (680,620), (700,620), (720,620), (740,640), (740,620), (720,640), (740,660), (740,640), (720,620), (740,620), (760,620), (740,640), (740,620), (760,620), (760,640), (780,660), (800,660), (780,640), (800,660), (780,640), (800,640), (780,620), (800,640), (780,640), (800,620), (800,640), (780,620), (760,620), (780,640), (760,620), (740,640), (740,660), (720,680), (720,660), (700,680), (700,660), (720,660), (740,680), (720,700), (700,700), (700,720), (680,740), (680,720), (660,720), (680,740), (660,760), (660,740), (640,720), (620,700), (600,720), (600,740), (600,760), (580,740), (560,720), (560,700), (580,720), (580,700), (580,680), (600,660), (580,660), (600,660), (600,640)

// Déplacements de l'unité terrestre 8 sur un horizon temporel (x_8^t, y_8^t) 
(940,300), (920,300), (920,280), (920,300), (940,320), (960,340), (960,320), (960,300), (940,300), (940,320), (920,340), (920,320), (940,300), (940,320), (920,300), (900,300), (880,300), (880,320), (900,320), (920,320), (940,320), (960,320), (980,320), (980,300), (960,320), (940,340), (960,360), (940,360), (960,360), (940,360), (940,380), (920,380), (900,380), (900,360), (920,340), (900,320), (880,320), (860,340), (860,320), (840,320), (860,340), (840,340), (860,360), (840,340), (840,360), (840,340), (840,320), (860,320), (840,340), (820,340), (840,320), (820,340), (840,340), (860,340), (860,360), (840,340), (860,320), (880,320), (880,340), (900,340), (920,340), (900,320), (880,340), (880,320), (880,340), (860,340), (880,320), (860,320), (860,340), (840,320), (820,320), (820,340), (800,360), (820,380), (840,400), (840,420), (840,400), (820,380), (820,400), (840,400), (840,420), (840,440), (860,420), (840,400), (820,380), (840,360), (820,360), (820,380), (840,380), (820,400), (820,420), (840,420), (860,400), (860,420), (840,400), (840,420), (820,440), (840,440), (840,420), (840,400)

// Déplacements de l'unité terrestre 9 sur un horizon temporel (x_9^t, y_9^t) 
(100,140), (100,120), (80,120), (80,100), (80,80), (60,80), (40,100), (20,120), (40,140), (60,140), (80,140), (80,120), (80,100), (100,100), (80,80), (60,60), (80,60), (100,40), (100,20), (100,40), (120,20), (140,20), (160,40), (140,60), (120,60), (120,40), (140,40), (160,40), (180,60), (160,80), (180,60), (200,60), (180,80), (200,60), (220,80), (240,80), (220,60), (220,80), (240,100), (260,120), (280,120), (300,140), (280,140), (260,160), (280,180), (300,180), (300,200), (320,220), (340,200), (320,220), (340,200), (340,220), (360,240), (360,220), (360,240), (380,240), (400,240), (380,240), (360,240), (360,220), (380,220), (360,200), (360,220), (360,240), (380,260), (400,280), (380,300), (400,280), (420,300), (440,300), (420,320), (400,300), (380,320), (360,300), (380,320), (400,340), (380,360), (380,380), (360,360), (360,340), (380,340), (360,340), (340,340), (360,360), (380,340), (360,340), (380,360), (360,380), (340,400), (340,380), (340,400), (320,420), (300,400), (280,380), (260,400), (240,380), (220,400), (220,420), (240,440), (240,460)

// Déplacements de l'unité terrestre 10 sur un horizon temporel (x_10^t, y_10^t) 
(620,220), (600,200), (600,180), (620,200), (600,200), (580,180), (600,200), (600,220), (580,240), (600,240), (580,220), (560,200), (580,200), (560,200), (540,220), (560,240), (580,240), (560,220), (580,240), (560,220), (540,200), (560,180), (540,160), (520,180), (540,180), (560,200), (580,200), (600,200), (580,200), (560,180), (540,160), (540,140), (540,120), (540,100), (540,80), (560,100), (540,100), (560,120), (540,120), (520,100), (540,100), (520,100), (520,120), (540,140), (560,120), (540,100), (560,120), (580,140), (600,160), (620,180), (600,200), (580,220), (580,200), (580,220), (560,240), (540,220), (520,200), (540,220), (540,200), (560,180), (540,180), (520,180), (540,200), (520,200), (540,220), (520,240), (540,260), (520,260), (540,260), (560,260), (580,260), (580,280), (600,260), (580,260), (600,260), (600,240), (580,240), (580,220), (600,240), (580,260), (560,260), (580,240), (600,240), (620,260), (620,240), (600,220), (580,220), (600,240), (580,240), (600,240), (620,240), (640,260), (660,280), (680,300), (700,280), (700,260), (680,240), (660,240), (660,220), (640,220)

