// Déplacements de l'unité terrestre 1 sur un horizon temporel (x_1^t, y_1^t) 
(760,580), (780,600), (760,620), (760,600), (760,620), (740,600), (760,620), (760,600), (760,620), (780,620), (780,640), (780,660), (800,640), (820,620), (820,600), (820,620), (820,640), (820,660), (800,640), (780,620), (760,640), (780,660), (800,680), (780,700), (800,680), (800,660), (800,680), (820,680), (820,700), (840,720), (820,700), (840,700), (860,700), (840,700), (840,720), (860,700), (880,720), (900,720), (920,700), (900,700), (920,680), (900,680), (920,680), (940,680), (960,700), (980,680), (960,680), (940,660), (960,660), (960,640), (940,620), (960,640), (940,640), (960,660), (980,640), (980,660), (960,640), (980,620), (980,600), (980,580), (980,560), (980,580), (960,600), (940,580), (940,560), (960,580), (980,560), (960,540), (940,540), (920,560), (920,540), (900,560), (880,560), (860,540), (880,540), (860,560), (880,540), (900,560), (880,560), (860,560), (880,580), (860,600), (880,620), (860,600), (840,620), (840,640), (820,640), (840,660), (820,680), (800,660), (820,660), (800,660), (820,640), (800,660), (820,660), (840,640), (840,620), (860,640), (880,660), (900,680)

// Déplacements de l'unité terrestre 2 sur un horizon temporel (x_2^t, y_2^t) 
(440,560), (440,580), (420,600), (440,620), (420,600), (440,620), (460,620), (440,620), (460,620), (440,640), (440,660), (460,660), (440,660), (420,680), (440,660), (440,640), (420,640), (400,640), (380,660), (360,680), (380,660), (380,680), (400,680), (380,660), (360,660), (380,660), (400,680), (420,680), (440,680), (460,680), (440,680), (420,660), (420,680), (440,700), (420,680), (440,700), (460,680), (460,660), (440,640), (440,620), (440,640), (460,620), (460,600), (480,580), (480,560), (500,580), (480,600), (500,580), (480,580), (480,600), (500,600), (520,620), (540,600), (540,620), (560,640), (560,660), (560,680), (560,660), (580,680), (600,700), (580,700), (600,720), (620,720), (640,700), (620,720), (620,700), (600,720), (620,700), (620,680), (600,700), (580,700), (580,680), (600,680), (600,660), (600,640), (620,660), (640,680), (640,660), (620,680), (640,680), (660,700), (640,680), (660,660), (660,640), (640,640), (660,660), (640,640), (660,620), (660,600), (680,620), (700,600), (720,620), (700,640), (680,640), (700,640), (700,660), (720,680), (700,660), (700,640), (700,660)

// Déplacements de l'unité terrestre 3 sur un horizon temporel (x_3^t, y_3^t) 
(880,880), (900,860), (920,840), (900,860), (920,860), (940,840), (940,860), (920,860), (900,840), (880,820), (860,840), (880,820), (860,820), (840,840), (820,820), (800,820), (820,820), (840,820), (860,820), (880,840), (860,840), (880,840), (900,860), (880,840), (900,820), (920,820), (900,800), (880,820), (860,800), (840,780), (860,800), (860,820), (840,800), (860,800), (840,800), (840,780), (840,800), (860,820), (880,840), (900,860), (920,880), (900,900), (880,900), (900,880), (900,900), (880,880), (900,860), (880,840), (880,820), (860,840), (840,840), (840,820), (840,800), (860,780), (880,760), (900,780), (920,780), (940,780), (920,760), (940,760), (940,780), (920,780), (940,780), (940,760), (940,780), (960,800), (980,780), (980,800), (960,800), (960,780), (940,780), (920,760), (900,740), (880,760), (900,780), (880,800), (880,820), (860,840), (860,820), (880,800), (900,800), (920,800), (940,780), (960,800), (940,800), (940,820), (920,820), (900,840), (920,820), (940,820), (920,820), (900,820), (880,820), (900,800), (880,800), (880,780), (860,760), (840,740), (820,760), (840,740)

// Déplacements de l'unité terrestre 4 sur un horizon temporel (x_4^t, y_4^t) 
(460,740), (460,720), (480,740), (500,760), (500,740), (500,720), (480,700), (480,720), (460,700), (480,700), (460,720), (440,700), (460,680), (480,680), (500,700), (520,680), (500,700), (480,700), (480,680), (460,700), (440,680), (460,700), (480,700), (480,720), (500,700), (520,720), (540,700), (560,700), (540,700), (520,700), (520,720), (520,700), (500,680), (480,700), (500,680), (520,680), (500,700), (520,720), (520,700), (520,680), (500,660), (500,640), (520,640), (520,660), (500,660), (480,680), (460,680), (460,660), (440,660), (460,660), (480,680), (460,680), (480,700), (460,720), (480,740), (500,760), (520,780), (520,760), (500,780), (520,760), (500,760), (480,760), (460,780), (440,800), (460,780), (440,800), (440,820), (440,800), (460,820), (480,820), (500,840), (500,820), (520,820), (540,840), (560,840), (560,820), (560,840), (540,840), (560,840), (540,860), (520,860), (540,880), (520,900), (540,920), (520,900), (520,880), (500,880), (520,860), (500,880), (500,860), (500,880), (500,860), (520,880), (540,900), (540,880), (520,900), (540,900), (560,900), (580,880), (600,880)

// Déplacements de l'unité terrestre 5 sur un horizon temporel (x_5^t, y_5^t) 
(440,840), (420,840), (440,820), (460,820), (440,800), (420,800), (420,820), (400,820), (420,800), (440,800), (420,820), (420,840), (400,860), (420,880), (420,860), (440,880), (440,900), (440,920), (420,920), (420,900), (400,880), (420,860), (400,860), (400,840), (420,820), (400,820), (420,820), (420,840), (440,840), (420,860), (420,840), (440,820), (460,800), (480,780), (460,780), (480,800), (500,800), (500,820), (520,840), (500,820), (480,820), (500,800), (520,820), (540,820), (520,820), (500,800), (520,780), (520,760), (520,780), (500,780), (520,780), (500,800), (500,820), (480,800), (500,820), (520,800), (500,800), (480,780), (460,760), (480,740), (460,720), (460,740), (460,720), (440,700), (420,700), (440,700), (440,680), (420,700), (440,680), (460,660), (440,640), (420,660), (400,640), (400,620), (420,600), (400,600), (380,620), (360,620), (380,600), (400,620), (380,620), (400,620), (420,640), (420,660), (400,640), (420,640), (440,660), (440,640), (460,660), (440,640), (460,660), (480,660), (480,680), (500,700), (520,680), (540,660), (540,680), (520,700), (500,700), (480,700)

// Déplacements de l'unité terrestre 6 sur un horizon temporel (x_6^t, y_6^t) 
(680,60), (700,60), (680,60), (660,60), (660,40), (660,20), (640,40), (660,40), (660,20), (640,20), (660,20), (680,40), (660,40), (660,60), (680,80), (660,60), (660,80), (660,100), (660,120), (680,120), (700,140), (720,120), (720,100), (740,80), (760,60), (780,60), (780,80), (760,100), (740,100), (720,100), (740,120), (720,120), (740,140), (720,140), (720,160), (740,160), (720,180), (740,180), (760,180), (760,200), (780,200), (800,180), (820,200), (800,220), (820,240), (800,260), (780,280), (780,260), (780,240), (780,260), (800,280), (820,280), (820,260), (820,280), (820,300), (820,320), (800,320), (780,300), (780,320), (800,340), (780,340), (780,320), (800,300), (780,300), (800,280), (800,300), (780,320), (800,320), (780,340), (780,360), (780,340), (760,340), (760,360), (760,380), (780,360), (800,380), (800,360), (800,380), (820,360), (840,340), (860,320), (860,340), (860,320), (880,340), (900,340), (880,340), (880,360), (900,340), (900,320), (920,340), (940,360), (920,340), (940,360), (920,360), (900,360), (880,380), (900,380), (880,400), (900,380), (900,360)

// Déplacements de l'unité terrestre 7 sur un horizon temporel (x_7^t, y_7^t) 
(540,380), (520,380), (520,360), (540,340), (520,340), (540,340), (520,320), (520,340), (540,320), (540,300), (520,300), (520,280), (500,300), (500,320), (500,340), (500,320), (480,340), (480,360), (500,340), (480,360), (460,380), (460,360), (480,360), (460,380), (480,400), (500,400), (480,420), (460,440), (480,460), (480,480), (500,460), (520,460), (500,480), (480,480), (460,480), (440,480), (440,460), (420,480), (420,460), (420,440), (440,420), (440,400), (460,420), (460,400), (440,420), (440,440), (460,460), (480,440), (480,460), (460,480), (480,480), (480,460), (500,480), (500,500), (520,480), (500,500), (480,520), (480,540), (500,560), (520,580), (540,580), (560,580), (540,600), (560,620), (580,600), (560,620), (540,600), (560,580), (580,580), (580,600), (600,620), (620,620), (600,600), (620,600), (640,620), (620,620), (620,600), (600,580), (580,580), (560,560), (580,560), (600,580), (580,560), (600,580), (620,600), (640,600), (660,600), (640,620), (620,640), (640,620), (620,640), (600,620), (580,640), (560,660), (580,680), (560,680), (580,700), (600,680), (620,700), (620,680)

// Déplacements de l'unité terrestre 8 sur un horizon temporel (x_8^t, y_8^t) 
(840,80), (840,100), (820,100), (800,80), (780,60), (800,40), (820,20), (820,40), (800,40), (800,20), (820,40), (820,20), (800,20), (820,40), (800,40), (820,20), (800,20), (820,40), (820,20), (840,20), (840,40), (820,40), (840,40), (860,60), (880,60), (900,40), (880,60), (900,80), (880,60), (860,40), (860,60), (880,80), (860,80), (840,60), (860,40), (840,20), (860,40), (880,20), (900,40), (920,60), (920,40), (940,60), (920,60), (940,40), (920,20), (920,40), (900,40), (920,20), (940,20), (960,20), (980,20), (980,40), (960,60), (980,80), (960,100), (940,80), (920,60), (940,80), (960,80), (940,100), (960,80), (940,100), (960,100), (940,100), (940,120), (920,100), (900,100), (920,80), (900,80), (900,100), (920,100), (900,80), (920,80), (940,100), (960,120), (980,120), (960,140), (980,120), (960,100), (980,80), (980,60), (960,40), (940,60), (960,80), (940,80), (960,60), (980,60), (960,40), (960,60), (940,40), (920,40), (900,60), (880,40), (880,60), (860,60), (840,40), (860,60), (840,40), (840,20), (820,20)

// Déplacements de l'unité terrestre 9 sur un horizon temporel (x_9^t, y_9^t) 
(740,620), (760,600), (780,620), (760,640), (780,620), (760,640), (740,640), (760,640), (740,660), (760,640), (780,660), (760,680), (780,700), (780,720), (780,700), (780,680), (760,660), (740,640), (720,660), (700,640), (700,620), (720,600), (740,620), (720,640), (700,660), (720,680), (740,660), (760,660), (740,680), (760,680), (740,660), (740,640), (740,660), (760,660), (740,660), (740,640), (720,620), (740,600), (760,580), (780,560), (800,540), (780,540), (760,560), (740,560), (760,580), (740,600), (760,580), (740,600), (720,620), (740,600), (720,600), (740,620), (760,640), (780,640), (780,620), (760,600), (740,580), (720,600), (720,620), (700,620), (700,640), (680,640), (660,640), (640,660), (660,680), (660,700), (640,680), (640,700), (620,700), (620,680), (620,700), (620,680), (640,660), (640,640), (640,620), (620,640), (600,640), (600,660), (600,640), (620,640), (600,660), (580,680), (560,700), (580,720), (560,700), (540,680), (520,680), (500,660), (500,680), (520,660), (520,640), (500,640), (520,660), (540,640), (520,660), (500,660), (520,640), (500,660), (480,660), (480,680)

// Déplacements de l'unité terrestre 10 sur un horizon temporel (x_10^t, y_10^t) 
(480,320), (460,340), (480,320), (480,300), (460,320), (440,300), (420,280), (440,260), (460,260), (480,260), (460,260), (480,240), (460,220), (440,200), (460,220), (440,240), (460,240), (440,240), (420,260), (400,260), (400,240), (400,220), (380,240), (400,240), (420,260), (400,240), (380,260), (380,240), (360,220), (360,240), (340,220), (320,240), (300,220), (320,240), (300,260), (280,280), (300,300), (280,320), (280,300), (300,280), (280,300), (280,280), (280,300), (260,280), (240,300), (260,280), (280,280), (260,260), (240,280), (220,260), (240,260), (220,240), (200,240), (180,220), (200,240), (180,220), (180,240), (180,220), (160,240), (140,220), (160,200), (180,220), (200,200), (200,220), (180,220), (200,240), (200,260), (200,280), (180,260), (180,280), (200,280), (180,280), (160,300), (180,280), (160,300), (160,280), (140,300), (140,320), (140,300), (120,320), (100,340), (80,320), (80,340), (80,360), (80,340), (100,340), (100,320), (80,320), (80,340), (100,340), (100,360), (80,360), (80,380), (100,360), (120,340), (140,360), (160,360), (160,380), (160,360), (140,380)

