// Déplacements de l'unité terrestre 1 sur un horizon temporel (x_1^t, y_1^t) 
(520,860), (500,880), (480,900), (500,920), (520,940), (540,920), (540,900), (520,920), (520,900), (500,920), (480,920), (500,900), (520,880), (540,860), (560,880), (540,860), (560,860), (580,840), (560,860), (540,840), (560,860), (580,840), (600,820), (600,840), (620,840), (620,860), (640,860), (660,860), (640,860), (660,860), (680,860), (700,860), (720,880), (700,880), (680,880), (660,860), (640,860), (660,880), (660,900), (640,880), (620,880), (620,860), (640,880), (620,900), (600,880), (620,860), (640,880), (620,900), (600,880), (600,900), (600,880), (620,880), (600,880), (580,900), (580,880), (560,900), (580,920), (580,940), (580,920), (560,900), (540,880), (560,880), (580,880), (600,880), (600,860), (600,840), (600,860), (580,840), (600,840), (620,820), (600,800), (600,780), (620,800), (640,800), (620,780), (600,760), (600,780), (580,760), (580,740), (600,720), (600,700), (580,700), (580,680), (560,660), (580,680), (580,700), (600,700), (620,700), (600,680), (600,700), (580,720), (600,740), (580,760), (580,780), (600,760), (600,740), (580,740), (600,760), (600,740), (580,760)

// Déplacements de l'unité terrestre 2 sur un horizon temporel (x_2^t, y_2^t) 
(440,860), (420,860), (440,880), (460,860), (460,840), (480,820), (480,840), (500,860), (520,880), (500,880), (500,860), (520,840), (520,860), (540,840), (540,820), (560,840), (580,860), (560,860), (560,880), (540,860), (560,860), (580,840), (600,840), (580,840), (600,860), (580,840), (560,840), (580,840), (600,840), (620,820), (640,820), (620,840), (620,820), (620,840), (640,820), (660,820), (680,820), (700,820), (680,820), (700,800), (720,820), (700,840), (720,840), (720,860), (740,860), (720,880), (740,880), (760,880), (740,880), (720,860), (700,880), (720,900), (740,900), (720,920), (700,920), (680,900), (660,920), (680,900), (700,880), (700,860), (720,840), (720,820), (740,820), (740,840), (760,820), (740,820), (760,840), (760,860), (740,880), (720,860), (740,880), (720,880), (700,900), (700,920), (680,900), (660,900), (640,920), (660,920), (640,900), (640,920), (640,940), (660,920), (680,920), (680,900), (700,900), (700,880), (680,880), (680,900), (660,880), (640,900), (620,920), (640,940), (660,940), (680,920), (680,900), (660,900), (640,900), (620,900), (600,900), (580,900)

// Déplacements de l'unité terrestre 3 sur un horizon temporel (x_3^t, y_3^t) 
(80,820), (100,840), (100,860), (100,880), (80,860), (80,840), (80,860), (100,840), (80,840), (80,820), (100,800), (100,780), (120,780), (100,760), (120,740), (140,740), (120,760), (100,760), (120,740), (140,740), (160,740), (160,760), (180,760), (200,740), (180,720), (160,720), (140,720), (140,700), (120,720), (100,700), (80,700), (100,720), (100,740), (100,720), (80,720), (60,740), (60,760), (40,760), (40,780), (60,760), (80,740), (100,760), (80,740), (100,720), (80,720), (100,700), (120,680), (100,660), (80,640), (80,660), (60,680), (60,700), (60,680), (80,700), (60,680), (80,660), (100,640), (80,620), (100,600), (80,600), (100,580), (80,600), (100,620), (80,600), (100,620), (100,640), (120,620), (140,600), (160,600), (180,580), (160,580), (180,580), (160,600), (180,620), (180,640), (200,640), (220,640), (220,660), (200,660), (180,660), (200,680), (180,700), (180,680), (180,700), (160,720), (180,720), (180,740), (200,760), (180,740), (200,720), (220,700), (220,720), (200,700), (180,680), (200,700), (200,720), (220,740), (200,720), (180,700), (200,720)

// Déplacements de l'unité terrestre 4 sur un horizon temporel (x_4^t, y_4^t) 
(940,660), (960,660), (940,640), (920,620), (900,640), (880,640), (860,640), (880,620), (860,600), (880,620), (900,640), (900,620), (920,620), (920,640), (900,620), (900,640), (920,660), (900,660), (900,640), (900,620), (920,600), (940,620), (960,620), (940,620), (920,640), (940,660), (920,640), (920,620), (920,600), (900,600), (880,580), (860,600), (880,580), (900,580), (900,600), (920,580), (940,600), (960,580), (940,580), (920,600), (920,580), (940,600), (940,620), (920,600), (940,580), (920,600), (940,620), (920,640), (920,620), (900,600), (900,580), (880,560), (900,560), (920,560), (900,560), (920,560), (900,540), (880,520), (860,520), (840,540), (820,560), (820,580), (840,580), (840,600), (840,620), (860,640), (840,640), (820,660), (840,660), (820,660), (800,640), (820,660), (820,640), (800,660), (780,660), (780,680), (800,700), (780,700), (760,680), (780,700), (760,680), (760,660), (780,660), (800,660), (820,680), (840,660), (820,640), (800,640), (800,660), (780,660), (780,640), (780,620), (800,620), (780,600), (760,580), (780,580), (780,600), (800,620), (780,640), (800,640)

// Déplacements de l'unité terrestre 5 sur un horizon temporel (x_5^t, y_5^t) 
(380,680), (360,700), (340,680), (360,680), (380,700), (400,680), (380,700), (360,700), (380,680), (400,700), (380,680), (400,660), (380,680), (360,680), (360,660), (340,660), (320,680), (340,660), (360,680), (340,660), (320,680), (300,700), (320,720), (320,740), (340,720), (320,740), (300,740), (280,760), (260,760), (260,780), (280,800), (300,800), (320,820), (300,820), (320,840), (300,860), (280,860), (260,880), (240,900), (260,880), (240,860), (220,860), (240,860), (220,860), (220,880), (220,860), (240,840), (260,820), (280,820), (260,800), (280,820), (280,800), (300,820), (320,820), (340,840), (320,840), (300,820), (320,840), (320,820), (340,800), (340,780), (320,800), (320,780), (340,800), (360,820), (380,840), (380,820), (360,800), (380,820), (380,840), (360,820), (340,820), (360,800), (340,820), (360,820), (340,840), (320,840), (340,860), (360,880), (360,860), (340,840), (360,840), (340,860), (320,880), (300,900), (320,900), (340,920), (360,920), (360,940), (340,960), (320,980), (300,980), (280,960), (260,940), (280,960), (300,940), (280,960), (280,980), (260,980), (280,960)

// Déplacements de l'unité terrestre 6 sur un horizon temporel (x_6^t, y_6^t) 
(80,880), (60,900), (60,920), (40,900), (40,880), (60,900), (60,880), (40,880), (40,900), (40,880), (20,880), (40,860), (20,880), (40,880), (20,880), (20,900), (40,880), (40,900), (60,880), (40,900), (60,920), (80,940), (80,960), (60,940), (40,960), (60,960), (60,980), (60,960), (80,960), (60,980), (60,960), (60,940), (80,960), (100,960), (80,980), (100,980), (120,960), (120,940), (100,920), (80,920), (60,940), (40,920), (40,940), (40,960), (20,940), (40,920), (20,900), (20,880), (20,900), (40,900), (20,880), (20,860), (40,860), (20,860), (20,880), (20,900), (20,920), (40,900), (60,920), (40,920), (40,940), (20,920), (20,900), (20,880), (40,860), (20,880), (20,860), (40,860), (20,840), (20,860), (40,860), (20,860), (20,880), (20,860), (40,860), (40,880), (60,900), (80,900), (60,920), (40,920), (40,900), (20,920), (40,900), (40,920), (40,940), (20,940), (20,960), (40,940), (20,960), (20,940), (20,960), (40,940), (20,960), (20,980), (40,980), (60,980), (80,980), (60,980), (40,980), (60,980)

// Déplacements de l'unité terrestre 7 sur un horizon temporel (x_7^t, y_7^t) 
(100,960), (80,940), (100,960), (100,940), (120,920), (100,920), (100,940), (80,940), (80,920), (80,940), (60,940), (60,920), (80,900), (80,880), (60,860), (80,840), (100,840), (80,820), (60,820), (40,800), (20,820), (40,840), (20,840), (40,860), (20,840), (40,860), (40,880), (20,900), (40,920), (40,900), (60,900), (80,880), (80,860), (100,860), (100,880), (80,880), (60,860), (40,840), (60,860), (60,840), (80,860), (60,880), (40,860), (60,840), (40,820), (60,840), (40,860), (40,880), (20,880), (40,900), (20,900), (40,920), (60,940), (40,920), (40,940), (20,960), (40,980), (40,960), (40,940), (40,960), (60,980), (60,960), (40,940), (40,960), (60,960), (40,940), (20,920), (40,900), (40,880), (40,900), (40,920), (20,940), (20,920), (40,940), (40,960), (60,940), (80,960), (60,980), (60,960), (80,940), (60,940), (80,940), (80,960), (60,960), (80,980), (80,960), (60,940), (60,960), (40,960), (60,940), (60,920), (40,920), (20,920), (40,940), (20,940), (20,920), (20,900), (20,920), (20,900), (40,880)

// Déplacements de l'unité terrestre 8 sur un horizon temporel (x_8^t, y_8^t) 
(380,280), (360,260), (340,240), (360,220), (380,220), (380,200), (360,220), (360,240), (340,260), (340,280), (320,280), (300,300), (320,300), (320,280), (340,260), (320,280), (340,280), (360,280), (340,260), (320,260), (340,240), (360,260), (360,280), (380,260), (380,240), (400,220), (420,240), (440,240), (440,260), (420,280), (400,300), (420,280), (400,260), (380,260), (380,280), (400,260), (400,240), (420,220), (400,240), (380,220), (360,200), (360,220), (340,220), (360,220), (380,220), (400,240), (420,260), (440,260), (420,240), (400,220), (400,240), (400,260), (400,240), (420,260), (420,280), (440,260), (440,240), (420,260), (440,240), (420,240), (420,220), (400,240), (400,260), (400,240), (420,260), (400,240), (420,240), (440,240), (420,240), (420,260), (400,260), (400,240), (380,240), (400,240), (380,240), (360,240), (380,220), (400,200), (400,220), (380,240), (360,240), (380,260), (400,240), (420,260), (400,280), (420,300), (400,320), (420,340), (440,340), (460,340), (480,320), (480,340), (500,340), (480,360), (460,380), (480,360), (500,360), (520,380), (520,360), (540,340)

// Déplacements de l'unité terrestre 9 sur un horizon temporel (x_9^t, y_9^t) 
(840,840), (860,860), (840,880), (820,860), (820,880), (800,900), (820,880), (800,900), (800,880), (800,860), (780,880), (760,880), (780,880), (780,900), (800,900), (820,880), (800,880), (820,860), (840,880), (840,900), (820,880), (820,860), (800,880), (820,860), (840,840), (840,820), (860,800), (860,820), (840,820), (820,840), (840,840), (860,860), (880,880), (860,880), (880,900), (900,880), (880,880), (900,860), (920,840), (900,840), (900,860), (920,880), (940,900), (940,880), (920,900), (940,920), (960,900), (980,920), (980,900), (960,880), (980,860), (980,880), (960,860), (940,880), (940,860), (920,880), (940,900), (960,920), (960,940), (960,920), (980,940), (980,960), (960,960), (980,940), (960,960), (940,980), (920,980), (920,960), (940,980), (920,960), (920,980), (900,960), (900,980), (880,960), (860,940), (840,960), (840,980), (840,960), (840,940), (820,960), (820,980), (800,960), (780,980), (780,960), (760,940), (780,920), (760,920), (780,920), (800,920), (820,900), (820,880), (840,900), (820,920), (800,940), (820,960), (800,980), (780,960), (780,980), (760,980), (760,960)

// Déplacements de l'unité terrestre 10 sur un horizon temporel (x_10^t, y_10^t) 
(940,280), (960,260), (960,280), (940,280), (920,300), (920,280), (900,280), (920,300), (920,320), (940,340), (920,320), (900,300), (920,320), (940,300), (960,320), (960,300), (980,320), (960,320), (940,340), (960,340), (940,320), (960,320), (980,320), (960,300), (980,300), (980,280), (960,280), (940,260), (920,280), (940,300), (940,280), (960,300), (980,300), (960,300), (980,300), (960,320), (960,300), (960,320), (940,300), (960,300), (980,300), (980,320), (980,340), (960,320), (940,320), (960,300), (980,320), (980,300), (960,280), (980,300), (960,320), (980,300), (980,280), (980,300), (980,320), (980,340), (960,360), (980,340), (960,360), (980,340), (960,360), (980,360), (960,360), (980,340), (980,360), (960,340), (940,360), (960,340), (980,320), (960,300), (960,280), (960,300), (980,320), (960,300), (960,280), (980,300), (980,280), (960,260), (940,240), (940,260), (960,240), (980,220), (960,200), (980,200), (960,180), (980,200), (980,180), (960,160), (940,140), (920,160), (940,140), (920,120), (900,120), (900,140), (880,160), (900,180), (920,180), (920,160), (900,140), (900,120)

