// Déplacements de l'unité terrestre 1 sur un horizon temporel (x_1^t, y_1^t) 
(180,760), (200,760), (180,760), (180,740), (180,720), (160,700), (180,720), (160,740), (160,720), (160,700), (180,720), (180,700), (160,680), (180,700), (160,680), (160,660), (180,660), (160,640), (140,620), (120,600), (120,580), (120,600), (100,600), (120,600), (140,620), (160,640), (160,660), (180,660), (200,680), (180,700), (160,720), (160,700), (180,680), (160,700), (140,720), (120,720), (120,740), (100,760), (80,780), (60,760), (80,740), (60,760), (80,780), (80,760), (100,780), (120,760), (100,780), (80,800), (80,780), (60,780), (80,760), (100,740), (100,760), (120,760), (140,740), (160,760), (140,760), (160,740), (180,720), (160,700), (180,700), (200,680), (200,700), (200,720), (220,740), (240,740), (220,740), (240,720), (260,720), (280,740), (260,740), (240,740), (260,740), (240,720), (260,720), (280,700), (280,680), (260,700), (260,680), (260,660), (240,660), (240,640), (260,620), (260,600), (280,600), (300,620), (280,620), (300,600), (280,600), (300,580), (300,600), (320,620), (320,600), (340,620), (320,600), (340,600), (360,620), (360,640), (380,640), (360,640)

// Déplacements de l'unité terrestre 2 sur un horizon temporel (x_2^t, y_2^t) 
(120,660), (100,640), (120,620), (100,640), (80,620), (100,620), (120,600), (120,620), (120,640), (100,640), (80,660), (80,640), (60,620), (60,640), (60,660), (60,680), (60,700), (60,720), (40,720), (60,720), (60,740), (60,720), (60,700), (60,720), (80,740), (100,720), (80,720), (80,740), (100,720), (80,720), (100,740), (80,720), (60,740), (40,760), (20,740), (20,760), (20,740), (20,760), (40,740), (20,720), (20,740), (40,740), (40,760), (60,740), (80,720), (100,740), (120,740), (140,740), (160,760), (140,760), (120,740), (120,720), (100,720), (80,720), (80,740), (80,720), (80,740), (80,720), (60,740), (40,760), (60,780), (40,780), (20,800), (20,780), (20,800), (40,780), (60,760), (80,780), (100,800), (80,820), (80,800), (100,780), (100,800), (100,820), (80,840), (60,860), (60,880), (60,900), (60,880), (40,860), (20,840), (20,820), (40,820), (40,840), (60,840), (40,820), (20,840), (40,820), (60,820), (40,840), (20,820), (20,840), (40,860), (40,840), (20,860), (20,880), (40,900), (60,900), (80,900), (100,900)

// Déplacements de l'unité terrestre 3 sur un horizon temporel (x_3^t, y_3^t) 
(440,280), (440,300), (440,320), (420,300), (400,280), (420,300), (420,320), (440,320), (420,300), (400,320), (400,300), (420,320), (400,300), (420,300), (420,320), (400,340), (420,340), (420,360), (400,340), (380,320), (360,300), (340,300), (320,300), (340,280), (340,260), (340,280), (360,280), (380,280), (380,300), (360,320), (380,320), (380,340), (400,360), (420,360), (440,360), (420,340), (420,360), (440,360), (460,360), (440,340), (440,320), (460,320), (440,340), (460,320), (440,340), (460,340), (480,360), (460,340), (460,360), (440,340), (420,360), (440,340), (440,360), (460,340), (440,360), (440,380), (440,360), (460,380), (460,360), (440,360), (440,340), (460,340), (480,340), (500,360), (480,380), (460,400), (440,420), (420,420), (420,440), (440,460), (460,480), (440,480), (440,460), (440,480), (440,500), (440,520), (460,520), (440,520), (420,500), (440,520), (420,520), (440,520), (440,540), (420,520), (420,540), (440,560), (460,560), (480,560), (460,540), (480,540), (500,520), (480,500), (500,500), (480,520), (460,520), (440,500), (460,480), (460,500), (440,480), (460,460)

// Déplacements de l'unité terrestre 4 sur un horizon temporel (x_4^t, y_4^t) 
(900,440), (900,460), (920,440), (940,460), (920,480), (940,460), (960,440), (940,420), (960,400), (940,400), (920,380), (940,400), (960,400), (940,380), (960,380), (940,360), (920,380), (900,380), (920,360), (900,380), (900,360), (880,380), (860,360), (840,340), (820,340), (820,320), (800,340), (820,320), (840,340), (840,320), (820,320), (840,300), (860,300), (880,300), (880,280), (880,300), (900,320), (880,340), (900,320), (880,320), (900,320), (920,300), (920,280), (900,260), (880,260), (860,260), (840,280), (820,300), (800,300), (800,320), (780,340), (760,360), (760,380), (780,400), (780,380), (800,360), (780,340), (760,340), (760,360), (760,380), (780,380), (800,380), (800,360), (780,380), (800,360), (800,380), (820,360), (840,360), (840,380), (820,400), (800,380), (820,380), (840,400), (860,400), (880,400), (860,380), (880,400), (880,420), (860,440), (840,460), (820,460), (840,460), (840,480), (820,480), (820,460), (840,480), (860,480), (880,460), (860,480), (880,460), (860,460), (880,460), (860,460), (880,440), (860,460), (880,480), (860,480), (880,460), (900,460), (920,440)

// Déplacements de l'unité terrestre 5 sur un horizon temporel (x_5^t, y_5^t) 
(540,220), (540,200), (560,200), (560,220), (580,220), (600,240), (600,220), (620,240), (640,220), (660,200), (680,200), (700,200), (680,180), (700,180), (720,180), (720,200), (740,180), (760,180), (780,200), (760,180), (780,160), (760,180), (780,160), (800,140), (820,120), (800,120), (820,120), (840,140), (820,120), (820,140), (800,140), (780,140), (800,120), (820,140), (820,160), (800,160), (820,160), (820,180), (820,160), (840,140), (820,120), (840,100), (840,120), (820,100), (800,100), (820,80), (820,60), (820,40), (820,20), (820,40), (800,40), (820,40), (840,60), (860,60), (860,80), (860,100), (840,120), (820,120), (800,120), (800,140), (780,140), (780,160), (800,160), (820,140), (840,160), (840,180), (840,160), (840,140), (860,120), (860,140), (880,160), (860,160), (840,140), (860,120), (860,100), (860,80), (880,60), (900,60), (880,80), (900,80), (920,60), (940,40), (960,20), (980,20), (960,40), (960,60), (960,80), (940,60), (940,40), (920,20), (940,20), (920,40), (900,20), (880,20), (860,40), (880,40), (880,60), (880,80), (860,100), (840,120)

// Déplacements de l'unité terrestre 6 sur un horizon temporel (x_6^t, y_6^t) 
(120,480), (100,500), (80,520), (60,540), (80,560), (60,580), (80,600), (100,580), (100,600), (80,580), (80,600), (80,580), (60,600), (80,620), (100,600), (120,620), (140,600), (120,620), (120,600), (100,580), (80,580), (80,560), (60,560), (80,560), (80,580), (60,560), (60,540), (80,520), (100,500), (80,500), (100,500), (80,520), (80,500), (60,480), (60,500), (40,480), (60,460), (60,440), (80,460), (100,480), (80,500), (100,500), (100,520), (120,540), (140,520), (120,520), (100,540), (80,540), (60,540), (40,520), (20,540), (40,560), (40,540), (60,560), (60,580), (80,600), (100,620), (120,600), (100,620), (120,640), (100,620), (100,640), (120,620), (100,620), (80,640), (60,640), (80,640), (80,620), (60,620), (60,600), (80,580), (60,580), (40,560), (60,580), (60,600), (80,620), (80,600), (100,600), (100,580), (120,560), (120,540), (140,560), (120,580), (140,580), (120,600), (120,620), (120,640), (140,660), (160,660), (180,680), (160,700), (160,680), (180,680), (160,680), (160,660), (180,680), (160,680), (140,700), (120,680), (120,660)

// Déplacements de l'unité terrestre 7 sur un horizon temporel (x_7^t, y_7^t) 
(400,740), (420,740), (400,760), (420,760), (420,780), (440,780), (420,780), (400,760), (400,740), (380,740), (360,740), (380,760), (380,780), (400,760), (400,740), (380,720), (360,740), (380,740), (360,740), (340,740), (340,760), (320,780), (340,760), (340,740), (360,740), (380,760), (360,760), (360,740), (380,760), (400,760), (380,780), (400,780), (400,760), (380,760), (360,780), (340,800), (320,780), (300,800), (300,820), (320,800), (320,780), (320,760), (300,760), (300,780), (320,760), (320,740), (300,760), (280,780), (260,800), (280,780), (300,760), (300,780), (320,800), (340,800), (340,780), (360,760), (340,740), (320,720), (300,740), (320,720), (320,700), (320,680), (340,700), (340,720), (340,700), (360,700), (340,680), (360,700), (340,720), (340,700), (360,720), (360,740), (340,760), (360,780), (360,800), (380,800), (380,780), (360,800), (340,800), (360,820), (340,820), (320,840), (300,820), (320,840), (320,820), (340,840), (320,860), (300,880), (280,900), (300,900), (320,920), (300,900), (300,880), (300,860), (300,840), (320,860), (320,840), (340,820), (340,840), (340,860)

// Déplacements de l'unité terrestre 8 sur un horizon temporel (x_8^t, y_8^t) 
(280,240), (260,220), (240,240), (220,240), (240,260), (260,260), (280,240), (300,260), (300,240), (280,260), (260,260), (260,240), (240,220), (240,200), (260,220), (280,200), (300,220), (280,200), (300,220), (320,240), (320,220), (340,200), (320,220), (300,240), (300,260), (300,240), (320,240), (300,240), (300,220), (320,240), (320,220), (300,240), (320,240), (320,220), (300,200), (280,200), (260,180), (260,160), (260,140), (280,140), (280,160), (300,160), (300,140), (280,140), (280,160), (260,180), (260,200), (280,200), (300,200), (280,180), (300,160), (320,140), (340,120), (340,100), (320,100), (340,100), (360,100), (340,80), (320,100), (340,120), (360,120), (340,140), (320,160), (320,140), (340,120), (360,120), (340,100), (360,100), (360,80), (340,60), (320,80), (300,60), (280,80), (300,80), (320,60), (300,60), (320,60), (340,80), (340,100), (320,80), (300,60), (300,40), (300,60), (320,60), (320,40), (320,20), (300,40), (320,40), (340,40), (340,20), (360,40), (360,20), (360,40), (380,40), (360,60), (340,60), (340,80), (360,100), (380,100), (360,80)

// Déplacements de l'unité terrestre 9 sur un horizon temporel (x_9^t, y_9^t) 
(160,740), (180,760), (180,740), (160,760), (160,780), (180,800), (180,820), (160,840), (140,820), (120,820), (100,800), (80,820), (60,800), (80,820), (80,800), (100,780), (100,800), (120,780), (120,800), (140,780), (160,780), (180,780), (160,800), (140,820), (120,840), (100,840), (100,820), (120,800), (120,820), (100,820), (100,840), (80,820), (100,820), (120,800), (100,780), (80,780), (100,780), (80,780), (80,800), (60,780), (40,780), (60,800), (80,800), (60,780), (60,760), (40,780), (20,780), (20,760), (20,780), (20,760), (20,740), (20,720), (20,700), (40,700), (20,680), (40,700), (20,680), (40,700), (20,720), (20,700), (40,720), (60,720), (60,700), (80,700), (80,680), (100,680), (100,660), (100,640), (80,620), (60,600), (60,580), (80,600), (80,620), (60,620), (60,600), (40,620), (20,640), (40,640), (20,620), (40,640), (40,660), (60,680), (80,700), (100,680), (80,700), (60,680), (40,700), (60,720), (60,740), (60,720), (60,700), (80,700), (60,700), (40,700), (60,680), (80,660), (80,640), (60,660), (40,640), (20,660)

// Déplacements de l'unité terrestre 10 sur un horizon temporel (x_10^t, y_10^t) 
(940,960), (920,960), (900,980), (900,960), (920,960), (940,980), (960,960), (940,980), (920,960), (940,940), (960,920), (980,940), (960,920), (960,940), (940,960), (940,940), (960,960), (960,980), (960,960), (960,980), (940,980), (960,980), (940,980), (920,980), (900,980), (920,960), (900,940), (900,920), (900,940), (920,940), (900,920), (920,940), (920,960), (900,940), (920,960), (900,980), (880,980), (900,980), (920,960), (900,960), (920,960), (900,940), (900,960), (900,940), (880,940), (880,960), (900,980), (900,960), (920,940), (900,940), (880,920), (900,940), (920,940), (900,920), (900,940), (920,940), (900,940), (880,940), (880,960), (900,940), (920,960), (920,940), (920,960), (920,980), (940,980), (920,960), (900,980), (920,960), (940,960), (920,940), (900,960), (880,960), (880,940), (900,960), (900,940), (920,940), (900,960), (880,940), (900,940), (920,920), (920,900), (900,880), (880,900), (860,880), (840,860), (820,860), (800,840), (780,840), (760,820), (740,840), (740,820), (720,820), (700,820), (720,820), (740,800), (740,780), (720,800), (740,820), (760,800), (740,820)

