// Déplacements de l'unité terrestre 1 sur un horizon temporel (x_1^t, y_1^t) 
(740,420), (720,400), (700,400), (680,420), (700,440), (720,460), (700,440), (720,460), (700,480), (720,500), (700,480), (700,500), (720,500), (700,520), (700,540), (720,520), (740,500), (720,500), (700,520), (720,540), (700,540), (720,540), (720,560), (700,580), (680,580), (660,600), (680,620), (660,620), (640,600), (620,580), (600,580), (600,600), (620,600), (640,600), (640,580), (620,560), (600,580), (600,560), (620,540), (600,520), (600,540), (620,540), (600,560), (580,560), (560,540), (560,520), (560,500), (580,480), (600,480), (580,480), (580,460), (580,440), (560,440), (560,460), (540,460), (560,440), (540,440), (560,460), (560,440), (580,420), (600,440), (600,420), (600,440), (600,460), (620,460), (620,440), (600,440), (580,440), (600,440), (620,440), (620,460), (620,440), (640,440), (620,460), (600,440), (620,460), (640,440), (640,460), (620,460), (600,440), (580,420), (560,440), (540,420), (560,400), (560,420), (540,420), (560,440), (580,420), (560,400), (540,400), (520,400), (520,420), (540,400), (560,420), (540,400), (540,420), (540,400), (540,380), (540,360), (560,380)

// Déplacements de l'unité terrestre 2 sur un horizon temporel (x_2^t, y_2^t) 
(40,120), (60,140), (40,160), (60,160), (80,160), (80,140), (60,140), (40,160), (40,140), (60,160), (80,140), (80,120), (100,100), (120,80), (120,60), (100,80), (80,80), (100,100), (80,80), (80,60), (80,80), (60,60), (40,60), (60,40), (60,60), (40,60), (60,60), (40,60), (40,40), (60,40), (80,40), (80,60), (100,40), (120,40), (140,60), (140,40), (120,40), (140,60), (120,80), (140,100), (140,80), (120,60), (140,80), (160,100), (160,120), (140,120), (120,140), (140,140), (120,120), (120,100), (100,120), (120,140), (140,120), (140,140), (120,140), (140,120), (160,100), (140,120), (120,100), (100,120), (80,100), (100,120), (80,120), (60,120), (60,140), (80,140), (80,160), (100,180), (100,200), (120,200), (140,180), (160,180), (160,160), (180,140), (180,160), (200,140), (220,160), (240,140), (220,140), (240,140), (260,140), (280,140), (280,160), (300,160), (320,140), (300,140), (280,140), (260,160), (260,180), (260,160), (240,180), (260,200), (280,180), (280,200), (260,180), (280,200), (260,220), (280,240), (300,260), (300,240)

// Déplacements de l'unité terrestre 3 sur un horizon temporel (x_3^t, y_3^t) 
(160,40), (160,60), (140,60), (160,80), (180,80), (200,80), (220,80), (240,60), (260,80), (260,100), (240,100), (220,80), (200,60), (200,80), (180,80), (200,100), (220,80), (240,60), (240,80), (220,80), (200,100), (180,100), (160,80), (140,80), (140,60), (160,80), (180,60), (160,60), (140,80), (140,100), (160,80), (140,80), (140,100), (120,120), (120,100), (100,120), (80,100), (100,120), (80,140), (100,120), (80,140), (60,140), (40,160), (60,160), (40,180), (60,180), (40,180), (20,200), (40,220), (20,240), (20,260), (40,240), (20,220), (20,240), (40,240), (60,220), (40,240), (40,220), (40,240), (60,220), (40,200), (60,220), (80,220), (100,220), (100,200), (80,220), (100,240), (100,260), (120,260), (120,240), (120,260), (140,260), (160,240), (140,240), (140,260), (120,260), (120,280), (140,260), (140,280), (120,300), (100,280), (80,280), (60,300), (60,320), (80,340), (60,360), (40,380), (40,400), (60,420), (60,440), (40,440), (60,420), (40,420), (20,440), (40,460), (20,480), (20,500), (40,480), (60,480), (40,500)

// Déplacements de l'unité terrestre 4 sur un horizon temporel (x_4^t, y_4^t) 
(960,240), (960,220), (940,240), (960,220), (980,240), (980,260), (960,240), (940,240), (960,220), (940,220), (960,220), (940,220), (920,220), (900,200), (900,180), (880,160), (860,180), (840,160), (820,140), (820,160), (800,180), (780,160), (760,160), (740,160), (740,140), (760,140), (740,120), (720,140), (700,120), (720,140), (700,160), (720,160), (720,140), (740,160), (760,160), (760,140), (740,160), (740,180), (760,200), (740,180), (720,180), (700,180), (720,180), (720,200), (720,180), (700,160), (720,160), (740,160), (740,140), (720,160), (700,180), (700,200), (680,200), (700,220), (720,200), (720,220), (700,200), (720,200), (740,200), (740,220), (740,240), (740,260), (760,280), (740,280), (720,280), (700,280), (700,300), (680,320), (660,340), (660,320), (640,340), (660,360), (660,380), (660,400), (680,420), (660,420), (660,400), (680,400), (700,380), (700,400), (720,380), (720,400), (740,380), (740,360), (720,340), (740,320), (760,320), (760,300), (740,300), (720,320), (700,300), (680,320), (700,300), (720,280), (740,300), (720,280), (740,280), (720,300), (700,320), (680,300)

// Déplacements de l'unité terrestre 5 sur un horizon temporel (x_5^t, y_5^t) 
(460,880), (480,860), (480,840), (460,840), (480,840), (480,820), (460,840), (480,840), (480,860), (460,880), (440,900), (440,920), (460,940), (480,960), (460,980), (480,960), (460,960), (440,980), (460,960), (460,940), (440,960), (460,960), (480,980), (480,960), (500,940), (480,940), (500,960), (480,980), (500,980), (480,960), (500,960), (500,980), (500,960), (500,980), (520,980), (540,980), (540,960), (520,980), (500,960), (520,960), (540,960), (540,940), (520,960), (500,980), (500,960), (520,940), (540,940), (560,920), (580,940), (580,920), (580,900), (560,880), (560,900), (540,920), (560,920), (540,940), (520,960), (520,940), (520,920), (540,920), (520,940), (500,940), (520,940), (520,920), (500,920), (480,940), (480,960), (460,940), (460,920), (440,940), (420,940), (420,960), (420,980), (440,980), (420,980), (420,960), (400,940), (420,940), (420,920), (400,940), (380,940), (400,940), (400,920), (380,900), (360,880), (380,860), (360,860), (380,840), (400,820), (380,820), (400,840), (420,860), (440,840), (460,820), (460,840), (460,820), (440,820), (420,820), (440,820), (460,800)

// Déplacements de l'unité terrestre 6 sur un horizon temporel (x_6^t, y_6^t) 
(900,20), (880,20), (860,20), (840,20), (820,20), (840,40), (860,60), (840,60), (820,60), (820,80), (840,60), (840,40), (820,20), (800,20), (820,40), (820,20), (840,40), (820,60), (840,60), (860,40), (860,60), (860,40), (860,20), (840,40), (840,20), (820,20), (840,40), (840,60), (860,60), (880,40), (860,60), (860,80), (880,100), (880,120), (880,140), (880,120), (860,100), (880,120), (880,140), (900,120), (880,140), (860,120), (840,120), (820,100), (820,80), (800,100), (800,80), (800,100), (820,100), (840,120), (860,100), (840,80), (820,80), (840,80), (860,100), (880,80), (860,60), (880,80), (880,100), (860,120), (840,140), (840,160), (840,140), (840,120), (840,140), (820,140), (820,120), (800,140), (780,120), (800,120), (820,120), (800,140), (780,140), (760,160), (780,140), (760,160), (760,140), (780,160), (760,180), (780,180), (780,160), (800,180), (820,160), (800,160), (780,140), (760,160), (780,140), (760,140), (740,160), (760,160), (740,180), (760,200), (760,220), (780,240), (760,260), (780,260), (780,240), (780,260), (760,280), (760,300)

// Déplacements de l'unité terrestre 7 sur un horizon temporel (x_7^t, y_7^t) 
(420,980), (440,960), (460,940), (480,920), (500,900), (500,920), (520,900), (500,920), (500,940), (480,920), (460,940), (480,940), (500,920), (520,900), (520,880), (540,860), (540,840), (520,820), (540,800), (540,780), (560,780), (540,800), (560,820), (540,820), (560,820), (580,840), (560,860), (540,840), (520,860), (540,860), (560,880), (580,860), (600,840), (600,860), (600,880), (580,880), (600,860), (620,860), (600,860), (580,880), (580,900), (600,880), (580,860), (600,840), (580,860), (600,860), (620,880), (600,880), (580,900), (560,920), (580,900), (560,920), (580,900), (580,880), (560,900), (540,920), (560,900), (540,900), (560,900), (580,920), (580,940), (560,940), (580,940), (600,960), (580,980), (560,980), (540,960), (560,940), (560,960), (540,980), (520,980), (500,960), (520,960), (520,940), (520,920), (520,900), (520,880), (520,860), (540,840), (520,840), (500,820), (500,840), (480,860), (500,860), (480,880), (500,860), (480,840), (480,820), (460,800), (460,820), (440,820), (420,840), (400,860), (420,860), (440,880), (460,860), (440,840), (460,820), (460,800), (480,780)

// Déplacements de l'unité terrestre 8 sur un horizon temporel (x_8^t, y_8^t) 
(620,460), (600,440), (620,460), (620,480), (620,500), (600,520), (620,520), (620,540), (640,540), (660,560), (680,580), (660,580), (680,560), (700,540), (700,520), (720,540), (740,560), (720,580), (740,560), (720,580), (720,560), (740,540), (720,560), (740,540), (720,560), (700,580), (720,560), (740,580), (740,600), (740,620), (720,600), (740,620), (760,640), (740,640), (760,660), (780,680), (780,660), (800,680), (780,680), (800,680), (800,660), (800,680), (800,660), (820,660), (800,680), (780,660), (760,680), (740,660), (720,660), (720,640), (700,640), (700,660), (720,660), (700,680), (700,660), (680,660), (700,680), (700,660), (720,680), (740,700), (760,700), (740,680), (740,660), (720,680), (720,700), (720,680), (720,660), (720,640), (740,640), (760,640), (780,660), (780,640), (780,620), (760,640), (740,620), (760,640), (780,660), (760,660), (740,660), (760,660), (780,660), (760,640), (740,640), (760,640), (780,660), (780,680), (800,700), (780,720), (800,740), (800,720), (820,740), (800,740), (820,740), (820,760), (820,780), (840,800), (860,780), (880,760), (900,740), (900,760)

// Déplacements de l'unité terrestre 9 sur un horizon temporel (x_9^t, y_9^t) 
(660,940), (680,940), (680,920), (680,900), (680,920), (660,940), (680,920), (680,940), (660,940), (640,920), (620,920), (620,900), (600,920), (620,900), (600,900), (620,900), (640,920), (660,940), (680,960), (700,940), (720,940), (720,920), (700,940), (720,960), (700,940), (700,960), (680,960), (680,980), (660,980), (680,960), (660,980), (640,960), (660,980), (680,960), (660,940), (660,960), (680,980), (700,980), (700,960), (680,940), (660,920), (680,900), (700,900), (700,880), (720,900), (700,900), (680,880), (680,900), (700,900), (720,900), (700,880), (700,900), (720,880), (740,880), (760,860), (760,840), (780,820), (800,820), (820,840), (800,820), (800,840), (780,820), (800,800), (800,820), (780,800), (800,780), (820,780), (820,800), (800,780), (820,780), (800,800), (780,820), (780,800), (800,800), (820,820), (800,840), (780,860), (760,840), (780,820), (760,800), (760,820), (740,800), (720,780), (700,780), (680,780), (680,760), (660,780), (680,780), (700,780), (720,780), (720,800), (740,820), (720,840), (740,860), (740,840), (720,820), (700,820), (680,820), (700,820), (720,840)

// Déplacements de l'unité terrestre 10 sur un horizon temporel (x_10^t, y_10^t) 
(880,860), (900,860), (920,880), (920,900), (900,900), (900,920), (900,940), (920,920), (920,940), (920,960), (900,940), (880,960), (900,980), (900,960), (900,980), (880,960), (860,980), (880,960), (860,980), (840,960), (860,980), (840,980), (860,960), (840,980), (820,980), (820,960), (800,940), (800,960), (780,960), (760,960), (740,960), (740,980), (760,960), (760,980), (740,980), (720,980), (740,980), (720,960), (720,980), (720,960), (700,960), (720,940), (740,920), (760,920), (780,920), (800,940), (820,920), (820,940), (800,920), (800,900), (820,920), (800,900), (820,920), (820,940), (800,960), (820,940), (800,940), (800,960), (780,980), (800,980), (820,960), (800,960), (820,940), (840,940), (860,920), (880,900), (860,880), (860,900), (840,900), (860,920), (880,940), (880,920), (900,940), (920,920), (900,920), (880,920), (860,900), (840,880), (860,860), (880,840), (860,840), (860,820), (860,800), (840,780), (860,800), (880,780), (900,800), (920,800), (940,820), (920,820), (920,800), (920,780), (920,800), (940,820), (960,840), (980,840), (960,860), (940,880), (920,860), (920,840)

