// Déplacements de l'unité terrestre 1 sur un horizon temporel (x_1^t, y_1^t) 
(920,160), (940,160), (920,140), (940,120), (960,120), (980,120), (960,120), (980,120), (980,100), (960,100), (940,80), (960,80), (960,60), (980,80), (980,60), (960,80), (980,60), (960,40), (980,40), (960,20), (980,20), (960,20), (960,40), (960,60), (940,80), (920,100), (900,80), (880,100), (900,120), (900,100), (900,80), (880,100), (860,100), (880,100), (860,100), (840,80), (840,60), (860,40), (840,20), (840,40), (820,60), (840,40), (860,60), (840,80), (840,100), (840,80), (820,100), (840,80), (840,60), (820,40), (800,20), (820,20), (800,40), (800,60), (820,60), (840,80), (840,100), (820,100), (820,120), (840,120), (820,140), (820,120), (800,120), (800,100), (820,100), (840,100), (860,100), (840,120), (840,100), (820,100), (840,100), (860,80), (840,100), (820,100), (840,100), (860,100), (840,100), (840,120), (820,100), (800,120), (820,140), (800,120), (800,100), (820,100), (840,120), (820,100), (840,80), (840,60), (820,80), (800,60), (820,40), (840,40), (840,20), (860,20), (880,20), (860,40), (880,20), (900,40), (920,20), (940,20)

// Déplacements de l'unité terrestre 2 sur un horizon temporel (x_2^t, y_2^t) 
(120,700), (100,700), (80,680), (100,680), (120,660), (140,660), (120,640), (120,660), (100,640), (80,660), (60,640), (80,640), (60,640), (40,640), (20,640), (40,640), (20,640), (20,660), (20,640), (20,620), (40,620), (60,620), (80,600), (100,580), (100,560), (120,580), (100,580), (120,560), (140,540), (160,520), (140,540), (140,560), (160,580), (140,600), (160,580), (180,580), (200,600), (180,580), (180,600), (180,620), (200,640), (200,620), (180,620), (200,620), (200,640), (220,640), (240,620), (220,640), (200,660), (220,660), (200,640), (180,660), (200,660), (200,680), (180,700), (160,680), (180,700), (200,680), (200,700), (180,720), (200,700), (180,720), (200,700), (220,700), (200,720), (200,740), (180,720), (180,700), (200,720), (220,700), (200,700), (180,720), (180,740), (200,740), (220,760), (200,780), (220,760), (240,760), (240,780), (220,780), (240,780), (260,800), (280,780), (300,760), (320,740), (300,760), (300,780), (320,800), (300,780), (320,780), (300,800), (280,820), (280,800), (300,780), (300,800), (320,800), (300,800), (320,820), (340,800), (320,780)

// Déplacements de l'unité terrestre 3 sur un horizon temporel (x_3^t, y_3^t) 
(620,860), (600,860), (620,880), (640,900), (660,920), (680,920), (660,900), (680,920), (660,940), (680,940), (700,940), (700,960), (720,940), (740,940), (720,940), (700,960), (700,940), (720,960), (700,940), (720,920), (720,900), (700,900), (680,900), (660,920), (660,900), (640,900), (660,920), (640,920), (640,900), (640,920), (640,940), (660,940), (660,920), (640,900), (660,880), (680,900), (680,920), (660,940), (660,960), (660,980), (640,960), (660,980), (640,960), (640,980), (660,980), (640,960), (620,940), (640,960), (640,980), (660,960), (640,960), (640,940), (620,920), (620,940), (620,920), (620,940), (640,920), (660,920), (640,940), (640,920), (660,940), (680,960), (660,960), (660,980), (640,980), (660,960), (640,960), (660,980), (640,960), (640,940), (660,940), (640,920), (620,920), (600,920), (600,900), (580,900), (560,900), (540,900), (520,920), (520,900), (500,920), (520,900), (520,920), (540,940), (560,960), (540,940), (520,920), (500,940), (520,920), (540,940), (520,960), (540,940), (540,920), (520,900), (500,880), (500,860), (480,880), (480,900), (500,920), (520,920)

// Déplacements de l'unité terrestre 4 sur un horizon temporel (x_4^t, y_4^t) 
(700,780), (680,800), (700,820), (720,820), (700,840), (720,820), (700,800), (680,820), (660,820), (680,840), (700,860), (700,840), (680,860), (680,840), (660,840), (680,860), (680,880), (700,860), (680,840), (680,860), (680,840), (680,860), (660,860), (640,860), (620,880), (640,860), (660,880), (680,860), (660,880), (680,860), (680,840), (680,860), (700,880), (700,900), (720,900), (740,880), (720,900), (700,900), (720,900), (700,900), (700,880), (680,860), (700,880), (700,860), (680,880), (680,860), (700,860), (720,880), (740,880), (720,900), (740,920), (720,900), (720,880), (700,860), (720,840), (740,840), (760,820), (740,820), (760,820), (760,800), (740,800), (760,780), (740,780), (760,760), (740,760), (740,740), (720,720), (700,700), (720,680), (740,660), (720,680), (720,700), (720,680), (720,700), (700,720), (720,720), (740,720), (720,720), (740,700), (720,720), (700,720), (680,740), (660,720), (680,700), (700,720), (720,720), (720,700), (740,680), (740,700), (760,680), (760,660), (740,680), (740,700), (720,680), (700,680), (680,700), (660,680), (680,680), (700,680), (680,660)

// Déplacements de l'unité terrestre 5 sur un horizon temporel (x_5^t, y_5^t) 
(520,560), (540,540), (520,560), (500,560), (520,540), (540,540), (560,560), (540,540), (560,560), (560,580), (580,600), (600,580), (620,600), (600,600), (620,600), (600,620), (600,640), (620,660), (620,680), (600,680), (600,660), (620,640), (600,660), (600,640), (580,640), (600,640), (580,620), (560,620), (580,600), (560,580), (540,580), (540,560), (560,560), (540,540), (520,560), (540,540), (540,520), (560,500), (540,520), (560,500), (540,520), (560,540), (580,520), (560,500), (580,480), (600,480), (620,480), (600,480), (580,460), (580,480), (560,500), (540,480), (520,460), (540,460), (520,460), (540,480), (560,460), (540,440), (540,460), (540,440), (560,420), (560,400), (540,380), (520,380), (520,400), (520,420), (500,400), (480,380), (460,380), (480,360), (460,380), (440,360), (460,360), (460,380), (440,360), (440,340), (460,320), (460,340), (480,320), (460,320), (480,320), (500,340), (520,360), (500,340), (480,340), (500,360), (500,380), (480,380), (500,400), (500,420), (480,440), (500,460), (520,480), (500,460), (500,480), (520,500), (540,520), (540,500), (560,520), (580,520)

// Déplacements de l'unité terrestre 6 sur un horizon temporel (x_6^t, y_6^t) 
(420,560), (400,560), (380,580), (360,600), (340,580), (340,560), (320,560), (300,560), (320,560), (300,580), (280,580), (300,580), (300,560), (320,580), (300,560), (280,540), (300,560), (320,580), (340,560), (340,540), (320,560), (300,560), (280,540), (260,540), (280,560), (260,540), (260,520), (240,520), (260,540), (260,520), (280,520), (280,540), (300,540), (320,560), (300,540), (300,520), (280,540), (260,520), (280,500), (260,500), (280,480), (260,480), (240,480), (260,500), (280,500), (300,520), (280,500), (300,480), (300,500), (300,520), (300,540), (320,520), (300,540), (280,520), (300,520), (280,540), (280,560), (280,580), (280,600), (300,600), (280,580), (260,600), (240,620), (260,620), (240,620), (220,620), (220,600), (200,600), (220,600), (240,600), (240,620), (220,620), (220,640), (240,620), (260,600), (240,600), (260,620), (240,600), (260,600), (260,580), (240,600), (260,580), (240,580), (240,600), (240,620), (220,600), (220,580), (200,600), (180,600), (160,600), (160,620), (180,600), (160,580), (180,560), (200,560), (220,560), (220,580), (200,560), (220,540), (220,520)

// Déplacements de l'unité terrestre 7 sur un horizon temporel (x_7^t, y_7^t) 
(960,220), (960,240), (960,260), (960,280), (940,260), (920,280), (940,280), (920,260), (900,240), (920,240), (900,240), (900,260), (920,240), (900,220), (900,240), (880,240), (900,260), (920,240), (900,240), (920,220), (900,220), (880,240), (880,220), (860,240), (880,260), (860,240), (860,220), (860,240), (880,240), (880,260), (860,280), (880,280), (880,260), (860,280), (840,300), (820,300), (840,280), (820,260), (820,240), (840,240), (860,220), (860,240), (840,260), (840,280), (860,280), (840,300), (820,280), (840,280), (840,260), (860,240), (880,240), (900,220), (880,240), (900,220), (920,240), (900,260), (920,240), (920,220), (900,240), (880,220), (860,240), (860,260), (880,240), (900,260), (880,260), (860,280), (880,280), (880,260), (900,240), (900,260), (920,260), (940,260), (960,260), (940,280), (920,300), (900,280), (900,300), (880,280), (900,280), (880,300), (880,320), (880,300), (860,300), (880,320), (900,300), (880,280), (880,300), (900,280), (920,280), (940,280), (960,260), (940,260), (960,260), (940,280), (960,300), (980,320), (980,300), (960,300), (940,280), (940,300)

// Déplacements de l'unité terrestre 8 sur un horizon temporel (x_8^t, y_8^t) 
(400,100), (420,120), (400,140), (420,120), (440,140), (460,120), (440,100), (420,120), (420,140), (400,140), (380,140), (400,160), (400,140), (380,160), (400,140), (380,120), (380,100), (360,120), (380,120), (360,140), (380,160), (400,180), (400,200), (380,180), (360,200), (340,180), (360,160), (340,180), (340,160), (360,160), (380,140), (360,160), (360,140), (360,160), (360,180), (360,160), (360,140), (340,120), (360,100), (380,80), (400,60), (380,60), (360,60), (360,40), (340,20), (320,40), (300,40), (280,60), (300,60), (280,60), (280,40), (300,20), (320,40), (300,20), (320,20), (300,40), (320,40), (300,40), (320,60), (340,60), (360,80), (340,100), (360,80), (380,80), (400,100), (380,80), (380,60), (380,40), (400,20), (420,20), (420,40), (440,60), (420,40), (420,20), (400,20), (400,40), (380,20), (400,20), (420,40), (400,20), (380,40), (380,20), (380,40), (400,60), (420,60), (420,40), (400,40), (420,60), (420,40), (440,60), (460,40), (480,20), (460,40), (460,60), (480,60), (460,80), (480,80), (500,100), (500,120), (480,140)

// Déplacements de l'unité terrestre 9 sur un horizon temporel (x_9^t, y_9^t) 
(780,940), (800,960), (780,980), (780,960), (780,980), (760,960), (780,960), (760,960), (780,940), (800,920), (820,900), (840,880), (840,900), (860,880), (840,880), (820,860), (840,860), (860,840), (880,860), (900,840), (920,860), (920,880), (900,880), (880,860), (860,840), (860,860), (860,840), (880,860), (860,860), (840,860), (820,860), (820,880), (820,860), (820,840), (800,840), (820,840), (820,820), (800,820), (820,800), (840,780), (820,800), (800,820), (820,820), (800,800), (820,780), (800,800), (820,800), (800,780), (780,780), (780,760), (800,760), (820,740), (840,720), (860,720), (840,700), (840,720), (840,740), (820,760), (800,740), (780,720), (760,700), (760,720), (780,700), (800,700), (820,680), (840,660), (820,680), (820,660), (800,680), (820,660), (820,680), (840,700), (820,700), (820,720), (800,720), (820,720), (840,740), (840,760), (860,760), (860,780), (840,780), (860,780), (860,800), (860,820), (840,820), (860,840), (880,840), (860,820), (860,840), (840,840), (860,840), (840,840), (860,860), (880,840), (900,840), (880,860), (880,880), (900,880), (900,860), (880,860)

// Déplacements de l'unité terrestre 10 sur un horizon temporel (x_10^t, y_10^t) 
(60,220), (80,240), (80,220), (80,240), (80,260), (100,260), (120,240), (120,260), (100,280), (100,300), (80,320), (100,340), (120,340), (120,360), (140,380), (160,360), (140,360), (160,360), (160,340), (180,360), (200,380), (220,360), (220,340), (220,360), (220,380), (240,400), (240,420), (260,400), (240,380), (220,360), (200,340), (220,340), (240,360), (220,360), (220,340), (200,320), (180,320), (180,300), (180,320), (160,340), (140,340), (140,360), (160,380), (180,400), (200,380), (200,400), (220,400), (240,400), (260,380), (240,380), (220,360), (240,360), (240,340), (220,320), (200,320), (180,320), (160,340), (160,320), (160,340), (180,360), (160,360), (180,360), (200,340), (180,360), (160,360), (140,360), (120,360), (120,380), (140,400), (120,380), (100,360), (80,360), (100,340), (120,360), (100,340), (100,360), (120,340), (100,340), (100,360), (80,360), (100,340), (100,320), (100,340), (80,360), (60,340), (60,360), (80,380), (60,360), (60,380), (60,360), (80,360), (80,340), (60,360), (80,340), (60,320), (40,340), (40,320), (20,300), (40,280), (20,260)

