// Déplacements de l'unité terrestre 1 sur un horizon temporel (x_1^t, y_1^t) 
(420,40), (440,60), (440,80), (420,100), (400,120), (420,140), (400,160), (400,180), (400,200), (420,180), (420,160), (400,180), (400,200), (420,200), (420,220), (420,240), (420,220), (400,220), (400,240), (400,220), (380,240), (400,240), (420,220), (440,200), (440,180), (460,160), (480,180), (480,160), (480,180), (500,180), (500,160), (480,180), (500,180), (520,160), (520,140), (520,160), (500,160), (480,140), (460,120), (480,140), (500,160), (480,140), (500,140), (520,160), (500,140), (500,120), (480,100), (460,100), (440,100), (420,100), (400,120), (400,140), (380,160), (380,180), (400,200), (420,180), (400,200), (380,220), (360,240), (340,260), (320,260), (300,280), (320,280), (300,280), (320,300), (340,300), (360,280), (340,300), (340,280), (320,300), (300,320), (280,300), (260,280), (260,300), (280,300), (300,320), (300,300), (300,320), (320,320), (340,300), (320,280), (300,280), (320,300), (300,320), (280,300), (260,300), (280,300), (300,280), (320,300), (340,320), (340,340), (320,340), (300,340), (320,340), (320,360), (340,380), (320,400), (340,420), (360,400), (340,400)

// Déplacements de l'unité terrestre 2 sur un horizon temporel (x_2^t, y_2^t) 
(160,200), (180,220), (160,200), (140,200), (160,200), (140,200), (160,180), (140,180), (140,200), (120,200), (100,220), (100,240), (120,220), (140,200), (140,180), (160,180), (140,180), (140,200), (160,200), (180,200), (200,220), (200,200), (180,220), (200,200), (220,200), (240,200), (240,180), (240,200), (240,220), (240,200), (220,220), (200,220), (200,200), (180,220), (200,220), (180,220), (160,220), (160,240), (180,240), (180,220), (180,200), (160,200), (140,220), (160,220), (180,240), (200,260), (200,280), (180,300), (180,320), (200,300), (220,280), (200,300), (220,280), (200,260), (220,240), (200,240), (220,240), (240,220), (260,200), (240,220), (220,240), (200,240), (220,220), (200,240), (180,220), (200,220), (180,200), (200,180), (220,160), (220,180), (200,160), (180,140), (200,120), (220,120), (240,140), (260,120), (280,120), (300,100), (280,80), (280,100), (280,120), (300,100), (320,80), (300,100), (300,80), (280,80), (260,60), (260,40), (280,20), (300,40), (280,60), (260,80), (280,60), (300,60), (300,80), (280,100), (260,80), (240,60), (260,60), (240,60)

// Déplacements de l'unité terrestre 3 sur un horizon temporel (x_3^t, y_3^t) 
(240,820), (260,820), (260,800), (260,820), (240,820), (260,820), (260,840), (280,860), (300,880), (280,860), (260,880), (240,860), (260,860), (280,860), (260,880), (260,860), (280,840), (300,840), (280,820), (300,840), (320,820), (300,820), (320,800), (300,820), (320,840), (320,860), (340,840), (320,860), (320,840), (340,820), (360,800), (340,820), (320,840), (300,840), (320,860), (300,840), (320,840), (320,820), (300,820), (300,800), (320,780), (320,760), (300,760), (320,760), (320,780), (320,760), (300,740), (280,740), (280,760), (300,740), (280,760), (260,740), (240,720), (240,700), (260,680), (280,700), (280,720), (300,740), (320,720), (340,720), (320,700), (300,680), (320,680), (340,660), (340,680), (360,680), (380,680), (360,700), (360,680), (340,700), (360,680), (340,660), (360,680), (340,660), (360,640), (380,640), (400,640), (380,640), (360,620), (340,640), (340,660), (320,640), (320,620), (340,640), (320,640), (340,640), (320,620), (300,620), (300,600), (280,580), (280,560), (280,540), (300,560), (320,540), (320,520), (320,500), (300,480), (300,460), (320,460), (340,480)

// Déplacements de l'unité terrestre 4 sur un horizon temporel (x_4^t, y_4^t) 
(660,20), (680,40), (660,60), (680,80), (660,60), (660,40), (640,60), (640,80), (660,100), (680,120), (700,120), (680,100), (700,120), (700,100), (680,100), (680,120), (660,140), (660,160), (680,160), (660,180), (660,160), (680,180), (700,160), (700,180), (720,160), (740,160), (720,180), (720,160), (720,180), (700,200), (700,220), (680,220), (660,200), (680,220), (700,220), (720,220), (740,220), (740,240), (760,220), (740,200), (760,180), (740,180), (740,160), (760,140), (780,140), (780,120), (760,120), (740,140), (760,160), (760,140), (740,140), (740,160), (720,160), (720,180), (700,160), (700,180), (720,180), (720,160), (700,160), (720,160), (740,140), (760,160), (740,140), (760,140), (780,160), (760,160), (740,160), (760,180), (760,160), (780,140), (800,120), (820,120), (820,140), (800,160), (780,180), (780,160), (780,140), (780,160), (800,180), (780,160), (800,180), (780,200), (800,180), (820,180), (840,200), (820,220), (800,240), (820,260), (800,280), (820,300), (840,300), (860,320), (880,340), (900,360), (920,380), (920,400), (940,420), (920,420), (900,440), (900,460)

// Déplacements de l'unité terrestre 5 sur un horizon temporel (x_5^t, y_5^t) 
(20,100), (20,120), (40,100), (20,80), (20,100), (20,80), (20,60), (20,40), (20,60), (40,60), (60,40), (40,40), (20,40), (20,60), (40,80), (60,80), (40,100), (20,120), (40,120), (20,140), (40,140), (40,120), (20,120), (20,140), (20,160), (40,160), (60,140), (60,160), (60,140), (40,120), (60,100), (80,120), (100,120), (120,100), (100,120), (80,100), (60,100), (40,100), (60,100), (40,80), (20,60), (40,60), (60,80), (60,60), (40,80), (60,80), (40,60), (20,60), (20,40), (40,20), (20,40), (20,20), (40,20), (20,40), (40,20), (60,40), (40,60), (60,60), (40,80), (40,60), (40,80), (60,80), (80,80), (60,80), (40,80), (20,80), (40,60), (20,80), (40,80), (40,60), (40,40), (20,20), (20,40), (40,20), (60,40), (60,20), (80,40), (60,20), (40,40), (60,60), (60,40), (60,20), (80,20), (60,40), (40,60), (20,40), (40,40), (60,60), (40,80), (60,60), (60,40), (80,60), (60,60), (80,60), (60,80), (60,60), (40,40), (40,60), (20,60), (20,40)

// Déplacements de l'unité terrestre 6 sur un horizon temporel (x_6^t, y_6^t) 
(100,620), (80,640), (80,660), (60,680), (80,660), (100,680), (100,700), (80,720), (100,700), (100,720), (100,700), (100,720), (100,740), (100,760), (80,760), (80,740), (60,720), (40,740), (60,740), (40,760), (20,740), (20,760), (40,780), (60,780), (60,760), (60,740), (60,720), (80,700), (100,720), (80,700), (60,720), (80,700), (80,680), (60,660), (40,660), (60,640), (40,620), (60,600), (40,580), (20,580), (40,600), (20,620), (40,600), (20,600), (20,620), (20,640), (40,640), (60,620), (40,620), (20,640), (20,660), (40,680), (60,700), (60,720), (80,720), (100,700), (80,700), (60,720), (60,740), (60,720), (60,700), (80,700), (100,720), (120,720), (100,740), (120,740), (100,760), (100,780), (100,760), (120,760), (100,760), (80,780), (100,780), (120,780), (100,800), (80,820), (60,820), (40,840), (20,820), (40,840), (60,840), (80,820), (60,800), (60,820), (80,840), (100,820), (100,840), (120,840), (140,820), (140,800), (140,780), (120,760), (140,740), (160,720), (180,700), (160,700), (180,700), (180,720), (160,720), (140,700)

// Déplacements de l'unité terrestre 7 sur un horizon temporel (x_7^t, y_7^t) 
(20,500), (20,520), (20,540), (40,540), (60,520), (60,540), (80,560), (60,560), (80,560), (60,560), (40,540), (40,520), (60,500), (60,480), (60,460), (80,480), (100,480), (120,460), (120,440), (140,460), (160,440), (180,420), (180,440), (160,440), (180,420), (160,420), (180,400), (160,400), (140,400), (120,400), (140,380), (140,360), (120,340), (120,320), (100,340), (80,320), (100,320), (80,320), (100,320), (80,340), (80,320), (80,340), (100,320), (120,340), (140,340), (160,340), (140,360), (120,360), (120,380), (100,380), (100,360), (80,340), (100,340), (80,340), (60,320), (40,300), (60,300), (80,300), (60,320), (40,340), (20,340), (40,340), (20,360), (20,340), (40,360), (40,340), (20,360), (40,340), (20,320), (40,320), (40,300), (20,320), (40,300), (40,280), (60,260), (80,240), (60,260), (40,260), (40,240), (20,260), (40,280), (60,260), (40,240), (20,260), (40,240), (60,220), (60,200), (40,180), (60,180), (40,180), (20,180), (20,160), (40,180), (60,180), (80,180), (60,200), (80,180), (100,200), (80,180), (100,180)

// Déplacements de l'unité terrestre 8 sur un horizon temporel (x_8^t, y_8^t) 
(820,680), (800,680), (780,660), (760,660), (780,680), (780,660), (780,640), (800,640), (820,620), (820,600), (840,600), (860,580), (840,560), (840,580), (860,600), (880,620), (860,640), (880,640), (880,660), (860,680), (880,700), (900,720), (880,700), (900,720), (920,720), (900,740), (880,740), (900,760), (920,760), (940,760), (940,740), (920,740), (940,720), (920,700), (900,680), (920,700), (920,680), (940,660), (940,680), (940,660), (960,660), (960,640), (960,620), (980,620), (960,600), (980,620), (960,640), (960,620), (960,640), (980,640), (980,620), (960,620), (980,620), (960,600), (960,620), (940,600), (920,600), (900,620), (920,620), (940,640), (920,640), (920,660), (920,680), (920,700), (920,680), (940,680), (920,700), (900,680), (920,680), (900,660), (880,680), (900,660), (880,640), (860,640), (840,660), (860,680), (860,700), (860,720), (840,720), (820,700), (840,720), (840,740), (820,740), (820,760), (840,780), (840,800), (840,820), (860,820), (880,840), (880,860), (860,860), (840,840), (840,860), (820,860), (800,880), (780,900), (760,900), (740,880), (740,860), (740,880)

// Déplacements de l'unité terrestre 9 sur un horizon temporel (x_9^t, y_9^t) 
(180,200), (180,220), (160,200), (160,220), (140,240), (140,260), (120,260), (100,280), (80,260), (100,280), (120,280), (140,300), (120,300), (100,300), (80,280), (100,260), (120,240), (100,240), (120,260), (100,240), (80,240), (60,240), (60,220), (60,240), (40,240), (60,260), (40,280), (20,280), (40,260), (20,260), (40,240), (60,260), (80,280), (80,260), (100,280), (120,300), (140,320), (120,320), (100,340), (120,320), (100,300), (120,320), (140,300), (120,320), (100,340), (120,320), (100,340), (120,340), (100,360), (100,340), (120,360), (100,380), (100,400), (120,420), (140,440), (160,440), (160,460), (160,440), (140,440), (140,460), (140,480), (160,480), (180,480), (160,480), (180,500), (200,480), (220,480), (200,500), (200,520), (220,520), (200,500), (220,480), (240,500), (220,520), (200,500), (200,520), (200,500), (200,480), (220,480), (240,460), (220,480), (240,500), (220,480), (200,460), (200,440), (220,460), (200,460), (200,440), (220,440), (240,420), (240,440), (260,460), (240,440), (260,460), (240,460), (240,480), (260,480), (240,480), (240,500), (260,480)

// Déplacements de l'unité terrestre 10 sur un horizon temporel (x_10^t, y_10^t) 
(360,860), (380,840), (400,860), (380,840), (400,860), (400,880), (420,880), (400,880), (420,860), (400,880), (400,900), (420,880), (400,860), (380,860), (360,860), (380,860), (360,880), (380,900), (400,920), (420,920), (440,920), (440,900), (460,900), (440,920), (420,920), (420,900), (420,920), (400,940), (420,960), (420,980), (420,960), (420,980), (440,980), (420,980), (440,980), (460,960), (480,980), (460,980), (460,960), (480,980), (500,960), (480,980), (460,980), (440,980), (460,960), (460,940), (440,940), (440,960), (460,980), (460,960), (480,960), (500,960), (480,980), (480,960), (460,960), (440,980), (440,960), (460,980), (460,960), (440,980), (460,980), (460,960), (480,980), (460,960), (440,960), (420,940), (420,920), (440,920), (420,940), (420,920), (400,920), (400,940), (380,920), (380,940), (380,920), (360,900), (380,900), (380,880), (360,860), (380,840), (360,860), (380,860), (360,840), (340,820), (340,840), (340,860), (360,840), (340,820), (320,800), (300,820), (300,800), (280,780), (260,800), (280,820), (280,840), (300,860), (300,840), (320,860), (340,840), (320,820)

