// Déplacements de l'unité terrestre 1 sur un horizon temporel (x_1^t, y_1^t) 
(960,120), (960,100), (940,80), (960,80), (940,60), (920,60), (900,80), (880,100), (860,120), (840,120), (820,100), (840,120), (840,140), (860,140), (860,160), (880,140), (860,140), (880,120), (880,140), (860,160), (880,140), (860,120), (840,140), (820,160), (800,160), (800,180), (800,200), (780,200), (800,220), (780,220), (760,220), (760,200), (760,220), (780,220), (800,240), (780,220), (760,240), (740,220), (760,220), (740,200), (720,180), (740,180), (760,160), (760,140), (740,120), (760,120), (760,100), (760,80), (780,60), (800,40), (780,20), (760,20), (760,40), (780,20), (800,20), (780,40), (800,20), (780,40), (760,60), (740,60), (760,40), (780,60), (800,60), (820,80), (800,100), (780,120), (780,100), (800,100), (820,100), (800,120), (820,120), (840,140), (820,120), (840,100), (820,80), (840,100), (840,120), (860,120), (840,140), (840,120), (820,140), (800,120), (780,100), (760,80), (780,80), (760,60), (740,60), (740,80), (720,100), (700,100), (680,100), (660,120), (640,100), (640,120), (660,140), (640,120), (660,140), (680,160), (680,180), (700,200)

// Déplacements de l'unité terrestre 2 sur un horizon temporel (x_2^t, y_2^t) 
(320,800), (300,780), (320,780), (300,780), (280,760), (300,740), (320,740), (340,740), (340,760), (320,740), (300,720), (320,720), (320,700), (340,700), (360,720), (360,740), (360,720), (340,700), (320,700), (340,680), (360,680), (380,700), (360,680), (360,660), (380,640), (360,620), (340,600), (360,620), (380,600), (380,620), (360,600), (360,620), (360,600), (340,620), (320,640), (300,620), (320,640), (320,620), (320,640), (340,620), (360,640), (380,620), (400,640), (380,640), (380,660), (400,660), (400,680), (400,660), (380,640), (400,660), (380,680), (400,660), (380,680), (400,660), (420,640), (440,620), (460,600), (440,580), (460,600), (460,620), (480,640), (500,620), (520,600), (540,600), (520,600), (500,620), (520,640), (520,660), (520,640), (500,620), (520,620), (540,620), (520,600), (500,580), (520,600), (500,580), (500,560), (480,560), (480,540), (460,560), (440,560), (460,560), (440,560), (460,580), (480,580), (500,560), (500,540), (480,560), (460,540), (440,560), (460,560), (440,560), (460,540), (440,560), (460,560), (480,560), (460,540), (460,520), (440,500), (420,480)

// Déplacements de l'unité terrestre 3 sur un horizon temporel (x_3^t, y_3^t) 
(840,560), (820,580), (840,580), (860,560), (880,540), (900,540), (880,540), (860,560), (860,580), (880,580), (860,600), (860,580), (860,560), (880,560), (860,560), (880,540), (880,560), (860,560), (880,540), (860,560), (860,580), (840,600), (860,620), (880,600), (860,620), (860,600), (880,620), (860,600), (840,620), (860,640), (840,640), (820,640), (800,620), (800,640), (780,660), (780,640), (760,620), (780,620), (780,600), (780,620), (800,640), (780,620), (760,620), (780,640), (800,640), (780,620), (800,600), (820,580), (800,560), (820,580), (840,600), (860,600), (880,600), (880,580), (860,600), (840,580), (860,560), (880,540), (880,520), (860,500), (840,480), (820,480), (840,480), (820,480), (820,460), (820,440), (840,440), (820,420), (840,440), (820,460), (800,480), (780,500), (760,480), (780,480), (780,500), (760,480), (780,480), (800,460), (820,460), (840,460), (820,480), (820,500), (800,520), (820,520), (820,500), (800,520), (800,500), (780,500), (760,520), (740,540), (760,520), (740,540), (720,560), (700,560), (680,540), (660,560), (640,560), (660,540), (680,540), (660,520)

// Déplacements de l'unité terrestre 4 sur un horizon temporel (x_4^t, y_4^t) 
(340,460), (320,460), (300,460), (280,460), (300,480), (300,500), (320,500), (340,500), (360,520), (340,540), (360,520), (380,540), (400,560), (400,540), (380,540), (360,520), (340,520), (360,520), (360,540), (380,560), (360,560), (340,560), (320,560), (300,560), (280,580), (260,560), (260,540), (280,540), (300,560), (300,540), (280,540), (260,560), (280,540), (280,560), (300,540), (280,560), (260,540), (240,520), (220,540), (200,540), (200,560), (180,540), (200,560), (200,580), (220,580), (240,560), (240,580), (260,600), (260,620), (280,600), (280,580), (260,600), (280,620), (280,600), (260,580), (280,580), (260,560), (240,540), (260,560), (240,580), (240,600), (240,620), (220,640), (200,620), (220,640), (200,660), (180,680), (200,680), (220,700), (200,700), (220,680), (240,700), (260,680), (240,660), (220,680), (220,700), (220,720), (200,720), (220,720), (240,740), (220,740), (240,740), (260,740), (240,720), (260,740), (260,720), (240,720), (240,740), (220,740), (220,720), (200,700), (200,680), (200,700), (180,700), (200,700), (180,680), (180,700), (180,680), (160,660), (140,640)

// Déplacements de l'unité terrestre 5 sur un horizon temporel (x_5^t, y_5^t) 
(180,720), (200,700), (180,680), (180,660), (180,680), (160,660), (140,640), (140,660), (120,680), (100,680), (120,700), (120,680), (120,700), (100,720), (120,700), (120,680), (140,660), (140,680), (140,700), (120,700), (120,680), (120,660), (120,640), (120,620), (140,620), (120,620), (140,640), (120,640), (120,620), (100,600), (80,580), (60,560), (80,540), (60,540), (80,540), (100,520), (80,520), (80,500), (60,500), (40,520), (20,500), (40,520), (60,520), (80,500), (80,520), (60,540), (40,560), (60,580), (80,560), (60,540), (40,540), (20,520), (20,540), (40,540), (40,560), (60,580), (80,600), (60,600), (80,600), (80,580), (80,560), (60,560), (40,580), (40,600), (20,620), (40,620), (20,640), (40,660), (20,680), (40,680), (20,660), (20,680), (40,700), (20,680), (20,700), (20,720), (40,740), (60,720), (60,700), (60,720), (60,740), (40,740), (60,720), (40,740), (60,740), (40,760), (20,780), (40,780), (60,760), (80,760), (100,760), (80,760), (60,740), (40,720), (20,740), (20,760), (20,780), (40,800), (20,800), (40,800)

// Déplacements de l'unité terrestre 6 sur un horizon temporel (x_6^t, y_6^t) 
(900,940), (920,940), (900,960), (880,960), (860,960), (860,940), (880,940), (860,960), (880,960), (880,980), (880,960), (860,940), (860,920), (880,920), (900,920), (920,900), (920,880), (940,880), (920,860), (900,860), (900,880), (880,900), (860,900), (840,900), (860,920), (840,920), (820,940), (800,920), (820,900), (840,880), (820,880), (800,860), (780,860), (800,880), (820,880), (800,860), (780,860), (780,840), (800,840), (780,840), (760,820), (760,840), (780,840), (780,820), (760,820), (740,820), (720,800), (700,800), (720,800), (700,780), (680,760), (700,740), (720,740), (740,720), (740,700), (760,680), (760,700), (740,700), (760,720), (740,720), (740,700), (740,680), (760,660), (740,680), (740,660), (720,680), (720,660), (740,640), (760,620), (780,600), (760,620), (740,640), (740,660), (760,640), (780,660), (780,640), (760,660), (740,660), (720,640), (720,660), (740,660), (720,660), (720,680), (720,700), (740,680), (720,700), (700,680), (680,680), (700,700), (700,720), (680,700), (680,720), (700,740), (700,760), (720,740), (700,720), (720,720), (700,700), (700,680), (680,660)

// Déplacements de l'unité terrestre 7 sur un horizon temporel (x_7^t, y_7^t) 
(880,520), (880,500), (860,480), (880,480), (900,500), (900,520), (920,540), (900,520), (920,520), (940,500), (940,480), (960,460), (980,440), (960,420), (960,400), (980,420), (980,400), (960,400), (940,380), (940,400), (920,380), (920,400), (900,400), (880,380), (860,380), (860,400), (880,420), (860,440), (860,420), (860,400), (840,420), (820,400), (800,380), (820,360), (800,340), (780,360), (760,340), (780,340), (760,320), (740,300), (720,320), (740,300), (760,280), (780,300), (760,300), (780,320), (780,340), (760,340), (760,320), (760,300), (760,320), (740,320), (740,300), (720,300), (700,300), (700,320), (720,320), (720,300), (700,320), (680,320), (660,340), (640,320), (620,320), (620,300), (640,320), (640,300), (620,320), (600,340), (580,340), (600,320), (620,320), (600,300), (600,320), (600,340), (580,360), (600,340), (580,340), (600,340), (580,320), (560,300), (560,320), (560,300), (540,320), (560,340), (580,360), (580,340), (600,320), (580,320), (580,340), (600,360), (580,380), (580,400), (580,380), (600,380), (600,400), (600,420), (580,440), (560,460), (580,460), (560,440)

// Déplacements de l'unité terrestre 8 sur un horizon temporel (x_8^t, y_8^t) 
(740,420), (720,440), (740,440), (740,460), (740,480), (720,480), (720,460), (700,460), (700,440), (700,420), (700,400), (720,420), (740,420), (720,420), (720,440), (740,440), (760,440), (780,420), (760,440), (780,420), (800,440), (800,460), (800,440), (800,420), (800,440), (820,460), (820,480), (800,460), (820,460), (840,460), (820,460), (840,440), (860,460), (860,480), (860,500), (840,500), (860,520), (860,540), (840,560), (820,580), (840,600), (840,620), (820,640), (820,620), (800,600), (780,620), (800,640), (780,620), (800,620), (820,620), (800,620), (820,600), (820,620), (840,600), (820,580), (820,600), (800,620), (820,620), (800,600), (800,580), (820,580), (820,600), (840,600), (820,600), (800,600), (820,620), (840,620), (840,600), (860,620), (880,620), (880,600), (900,600), (900,580), (920,580), (940,560), (960,580), (940,580), (940,560), (960,580), (940,580), (920,580), (900,580), (880,600), (880,620), (860,640), (860,620), (840,620), (840,600), (840,580), (840,560), (820,540), (800,520), (820,500), (800,520), (820,520), (820,540), (840,520), (860,540), (840,560), (840,540)

// Déplacements de l'unité terrestre 9 sur un horizon temporel (x_9^t, y_9^t) 
(140,940), (140,920), (160,940), (140,940), (120,960), (140,960), (140,940), (160,960), (180,980), (160,960), (180,980), (160,960), (180,960), (200,960), (200,980), (220,960), (200,960), (220,960), (200,940), (220,920), (220,900), (240,880), (240,900), (220,900), (200,920), (180,940), (200,960), (200,940), (220,920), (240,920), (220,900), (240,880), (260,900), (240,900), (220,920), (220,940), (200,940), (180,960), (200,940), (200,960), (220,980), (200,980), (180,980), (200,980), (180,980), (200,960), (200,980), (180,980), (180,960), (180,980), (180,960), (200,960), (180,940), (180,960), (160,940), (160,920), (180,920), (200,920), (200,900), (180,920), (200,940), (220,940), (240,940), (260,940), (280,920), (260,940), (260,920), (240,920), (220,900), (240,900), (260,880), (260,900), (240,900), (220,880), (200,900), (180,920), (160,940), (160,960), (140,980), (120,960), (120,980), (140,980), (160,960), (180,980), (160,980), (180,960), (200,980), (180,980), (200,980), (200,960), (200,980), (220,980), (220,960), (200,940), (220,960), (220,940), (220,920), (240,900), (260,880), (260,860)

// Déplacements de l'unité terrestre 10 sur un horizon temporel (x_10^t, y_10^t) 
(220,920), (200,920), (180,920), (180,940), (160,940), (160,920), (160,940), (160,920), (140,900), (120,920), (100,940), (80,940), (60,920), (40,940), (20,960), (40,940), (20,920), (40,940), (20,920), (40,940), (60,920), (80,940), (60,920), (60,900), (80,880), (60,860), (40,860), (20,840), (20,860), (20,880), (40,860), (20,860), (20,840), (20,820), (20,800), (40,800), (20,780), (20,800), (20,820), (40,840), (60,840), (40,840), (60,820), (40,800), (60,780), (80,760), (80,780), (80,800), (100,780), (120,780), (120,800), (120,780), (140,760), (160,780), (160,800), (140,820), (120,840), (140,840), (140,820), (160,840), (160,860), (140,880), (120,880), (100,900), (120,880), (120,900), (100,900), (120,880), (120,860), (100,880), (120,880), (120,900), (100,900), (100,880), (80,900), (100,880), (120,880), (120,860), (100,880), (80,900), (100,900), (120,900), (120,920), (120,900), (140,880), (140,860), (120,880), (100,860), (80,840), (80,820), (80,800), (80,780), (60,780), (40,780), (20,780), (40,780), (20,760), (40,780), (20,780), (40,800)

