// Déplacements de l'unité terrestre 1 sur un horizon temporel (x_1^t, y_1^t) 
(960,440), (960,420), (980,420), (980,400), (980,380), (960,400), (940,420), (960,440), (960,460), (940,480), (960,460), (960,440), (980,440), (980,420), (960,420), (960,440), (980,460), (980,440), (980,460), (960,440), (960,420), (940,440), (960,440), (980,460), (960,440), (980,440), (960,460), (940,480), (960,480), (960,500), (940,520), (960,540), (940,520), (920,540), (900,520), (920,520), (940,500), (940,520), (940,500), (920,520), (900,540), (920,540), (920,560), (900,540), (920,540), (920,560), (940,580), (920,600), (920,580), (900,580), (880,580), (900,600), (880,580), (900,560), (880,560), (860,580), (880,560), (900,560), (900,580), (920,600), (940,580), (960,580), (980,560), (960,560), (980,540), (960,540), (940,520), (920,520), (900,500), (920,480), (900,480), (900,500), (920,500), (900,500), (900,480), (880,480), (900,460), (880,460), (860,440), (860,460), (880,440), (860,440), (860,420), (840,420), (840,400), (820,380), (800,360), (780,340), (780,360), (760,380), (780,400), (760,400), (740,400), (740,380), (760,360), (740,380), (720,400), (740,400), (720,420), (740,420)

// Déplacements de l'unité terrestre 2 sur un horizon temporel (x_2^t, y_2^t) 
(260,960), (240,960), (260,960), (260,980), (260,960), (260,980), (260,960), (240,980), (260,960), (240,960), (260,940), (260,960), (240,960), (220,940), (220,960), (200,980), (220,960), (200,940), (180,940), (160,940), (160,920), (160,940), (180,960), (180,980), (200,980), (180,980), (200,960), (220,940), (200,920), (180,940), (160,920), (180,940), (180,920), (160,940), (140,960), (140,940), (160,920), (180,900), (160,880), (160,860), (180,880), (200,860), (220,880), (240,880), (240,900), (240,920), (220,940), (240,940), (220,960), (240,940), (260,960), (280,960), (260,960), (240,980), (260,980), (280,960), (300,980), (280,980), (300,980), (280,960), (260,940), (280,940), (300,960), (280,940), (260,940), (260,920), (280,940), (300,920), (280,940), (260,960), (280,980), (260,960), (240,980), (220,960), (220,980), (240,980), (260,980), (280,980), (260,980), (240,980), (220,960), (220,980), (240,960), (260,980), (280,980), (260,960), (280,940), (280,960), (280,940), (300,940), (280,920), (280,940), (300,920), (280,920), (280,940), (260,960), (240,960), (260,940), (260,960), (280,980)

// Déplacements de l'unité terrestre 3 sur un horizon temporel (x_3^t, y_3^t) 
(140,760), (140,780), (120,800), (120,780), (120,760), (100,740), (80,740), (100,740), (120,760), (100,780), (120,760), (120,740), (100,740), (100,760), (120,780), (140,780), (120,780), (100,800), (120,780), (140,800), (160,780), (140,760), (120,780), (140,760), (160,760), (140,780), (140,800), (160,800), (180,820), (200,800), (180,800), (200,780), (200,760), (180,780), (200,800), (220,780), (220,760), (220,780), (200,760), (180,760), (160,780), (180,760), (200,760), (220,740), (240,740), (240,720), (260,720), (240,720), (240,740), (240,720), (220,720), (240,740), (240,720), (260,700), (280,680), (300,680), (320,680), (320,700), (300,680), (300,660), (280,640), (260,660), (280,660), (260,680), (240,660), (240,640), (260,620), (240,620), (260,620), (240,600), (260,580), (280,600), (300,600), (320,580), (340,560), (360,560), (340,580), (340,560), (360,560), (380,580), (400,560), (400,580), (420,580), (440,600), (440,580), (460,580), (440,600), (440,580), (460,560), (480,580), (500,560), (500,580), (480,580), (480,560), (460,540), (460,520), (440,500), (440,480), (440,460), (460,480)

// Déplacements de l'unité terrestre 4 sur un horizon temporel (x_4^t, y_4^t) 
(900,820), (920,820), (920,840), (940,840), (920,820), (920,840), (900,860), (920,840), (940,820), (940,800), (960,800), (980,780), (980,800), (980,780), (960,780), (980,780), (960,780), (980,800), (960,780), (940,780), (960,800), (980,780), (960,780), (940,800), (920,820), (900,800), (920,780), (940,800), (920,800), (920,820), (940,840), (920,840), (920,860), (900,880), (880,860), (860,860), (880,880), (860,880), (840,900), (820,920), (840,900), (820,900), (840,900), (820,920), (800,900), (800,920), (800,940), (800,920), (800,940), (800,960), (820,960), (800,940), (800,960), (780,940), (760,960), (740,980), (720,960), (700,980), (680,980), (700,960), (700,980), (680,980), (680,960), (700,960), (720,980), (740,960), (740,980), (740,960), (760,940), (780,920), (800,940), (780,940), (760,920), (760,940), (780,940), (800,920), (780,940), (760,920), (780,920), (780,900), (800,880), (800,900), (780,900), (800,880), (780,860), (800,880), (780,900), (800,880), (820,860), (800,840), (800,860), (800,840), (780,840), (800,860), (780,840), (760,840), (740,840), (760,840), (760,860), (780,840)

// Déplacements de l'unité terrestre 5 sur un horizon temporel (x_5^t, y_5^t) 
(760,220), (760,200), (740,200), (740,180), (720,180), (700,160), (680,180), (680,200), (680,180), (680,160), (700,180), (700,160), (680,180), (700,160), (720,180), (740,160), (720,160), (700,160), (700,140), (700,120), (720,140), (740,120), (720,140), (720,120), (740,120), (720,140), (700,160), (700,140), (680,140), (660,120), (640,120), (620,140), (600,120), (620,120), (640,100), (640,120), (640,140), (620,120), (640,100), (620,120), (600,120), (580,100), (560,120), (580,140), (580,120), (600,100), (580,120), (600,120), (580,120), (600,140), (620,140), (620,120), (600,120), (600,100), (600,120), (620,100), (620,120), (620,100), (600,80), (600,60), (580,40), (600,40), (580,60), (560,80), (560,100), (540,120), (520,120), (540,120), (560,140), (580,120), (560,100), (540,100), (520,100), (500,100), (520,100), (500,120), (500,100), (520,100), (500,100), (480,80), (500,80), (480,80), (460,60), (440,60), (440,80), (420,80), (440,60), (440,80), (460,60), (440,80), (420,100), (400,80), (400,60), (420,80), (420,60), (420,80), (440,80), (420,60), (440,60), (420,60)

// Déplacements de l'unité terrestre 6 sur un horizon temporel (x_6^t, y_6^t) 
(580,80), (580,100), (600,120), (620,140), (600,140), (600,160), (600,140), (620,120), (640,100), (640,120), (640,100), (660,100), (640,80), (660,100), (640,80), (640,100), (660,80), (640,100), (640,120), (640,100), (620,100), (640,120), (640,140), (620,160), (620,140), (600,140), (580,160), (600,180), (600,160), (580,160), (600,180), (580,160), (560,180), (540,200), (520,180), (500,160), (520,180), (520,200), (500,200), (520,180), (500,180), (500,200), (500,220), (520,220), (500,220), (520,200), (520,220), (540,200), (520,180), (540,160), (560,180), (580,180), (560,200), (560,220), (540,240), (520,240), (520,260), (500,260), (500,240), (480,240), (500,240), (500,260), (500,280), (480,260), (500,260), (500,280), (480,280), (460,260), (480,260), (480,280), (460,300), (440,320), (420,300), (440,280), (440,260), (440,280), (460,300), (460,320), (480,320), (460,340), (480,320), (460,300), (480,300), (460,280), (480,260), (480,280), (500,300), (500,320), (520,340), (520,320), (500,340), (480,320), (500,300), (500,280), (500,300), (480,320), (480,340), (500,360), (480,340), (480,320)

// Déplacements de l'unité terrestre 7 sur un horizon temporel (x_7^t, y_7^t) 
(300,420), (300,440), (320,460), (300,480), (320,480), (340,500), (360,500), (380,480), (380,460), (400,480), (380,460), (360,440), (360,460), (380,440), (380,460), (360,460), (360,440), (360,420), (340,420), (340,400), (340,380), (320,380), (340,360), (340,340), (340,360), (340,380), (320,360), (300,340), (320,340), (340,360), (340,340), (360,320), (380,340), (360,320), (380,320), (380,340), (380,360), (380,340), (400,360), (420,340), (400,360), (420,380), (400,400), (380,400), (400,380), (380,380), (380,360), (360,340), (360,360), (380,360), (380,380), (400,360), (380,340), (400,340), (380,340), (360,320), (340,340), (360,360), (380,380), (380,400), (400,420), (400,440), (400,460), (380,480), (380,460), (400,460), (400,480), (420,480), (420,460), (440,440), (440,420), (440,400), (420,420), (420,400), (440,380), (420,400), (400,420), (380,440), (380,420), (380,400), (400,380), (400,400), (420,380), (400,380), (380,360), (400,360), (400,380), (400,400), (380,400), (360,380), (360,360), (340,380), (360,380), (340,360), (320,340), (340,320), (320,300), (320,280), (300,300), (300,280)

// Déplacements de l'unité terrestre 8 sur un horizon temporel (x_8^t, y_8^t) 
(100,940), (80,960), (100,940), (120,920), (120,900), (100,920), (120,940), (140,940), (140,960), (160,980), (140,960), (140,940), (120,920), (140,940), (120,940), (140,920), (140,940), (160,960), (140,960), (140,940), (120,920), (140,920), (120,900), (100,900), (80,920), (60,940), (40,960), (20,960), (40,960), (60,960), (60,980), (80,960), (100,940), (80,940), (80,960), (100,980), (120,960), (100,940), (80,960), (80,940), (100,960), (120,980), (120,960), (120,980), (120,960), (140,960), (120,980), (140,960), (160,960), (160,980), (160,960), (180,960), (200,980), (200,960), (180,960), (180,940), (200,960), (180,940), (160,920), (180,940), (160,920), (180,940), (160,920), (180,940), (180,960), (160,960), (140,960), (140,940), (160,960), (140,980), (140,960), (160,940), (160,920), (180,940), (160,960), (160,980), (180,980), (160,960), (180,940), (200,960), (180,980), (200,980), (220,980), (240,960), (220,940), (220,960), (200,940), (180,920), (160,900), (180,880), (200,860), (220,860), (220,840), (200,860), (200,840), (180,840), (180,860), (200,880), (220,880), (220,860)

// Déplacements de l'unité terrestre 9 sur un horizon temporel (x_9^t, y_9^t) 
(460,880), (480,860), (460,880), (480,880), (500,900), (520,900), (540,920), (560,900), (560,920), (580,920), (560,920), (540,920), (560,940), (540,920), (540,940), (540,960), (560,960), (540,940), (520,960), (500,960), (480,940), (460,920), (460,940), (440,960), (440,940), (420,960), (440,960), (440,940), (440,920), (460,940), (460,960), (480,940), (460,920), (440,920), (420,940), (440,920), (440,940), (420,960), (440,960), (420,960), (420,940), (420,920), (420,940), (400,920), (380,920), (400,900), (420,920), (420,940), (420,920), (420,940), (420,920), (440,940), (420,960), (440,960), (460,940), (480,940), (460,920), (460,900), (460,880), (480,900), (500,880), (500,900), (520,880), (540,900), (560,900), (560,880), (580,860), (600,880), (600,900), (620,920), (620,940), (600,960), (580,980), (580,960), (560,960), (540,980), (560,960), (580,980), (580,960), (560,980), (560,960), (540,940), (520,940), (500,920), (500,900), (480,900), (460,880), (460,860), (480,860), (500,840), (520,860), (500,840), (500,860), (480,880), (500,900), (520,900), (520,920), (540,920), (540,940), (520,920)

// Déplacements de l'unité terrestre 10 sur un horizon temporel (x_10^t, y_10^t) 
(560,840), (540,860), (560,840), (560,860), (560,880), (540,860), (520,860), (500,860), (480,840), (500,820), (500,800), (480,820), (460,840), (480,840), (460,820), (480,820), (460,840), (480,840), (460,820), (480,840), (460,820), (480,840), (500,820), (520,800), (500,800), (520,800), (500,820), (480,820), (500,820), (520,800), (500,820), (500,800), (500,780), (500,760), (500,780), (500,800), (500,820), (480,800), (460,780), (440,760), (460,760), (440,760), (440,780), (440,760), (460,740), (480,720), (500,720), (480,720), (460,700), (480,680), (460,660), (440,680), (420,660), (400,640), (380,620), (400,620), (380,640), (360,640), (340,620), (340,600), (360,600), (340,620), (360,640), (380,660), (380,680), (380,700), (400,680), (420,680), (440,660), (440,680), (420,680), (400,660), (400,680), (380,680), (360,700), (380,720), (380,740), (360,740), (340,760), (340,780), (320,800), (340,800), (360,780), (360,760), (360,780), (380,800), (400,820), (420,840), (440,840), (460,820), (440,800), (420,780), (420,800), (400,820), (420,840), (440,820), (440,800), (420,780), (400,780), (380,760)

