// Déplacements de l'unité terrestre 1 sur un horizon temporel (x_1^t, y_1^t) 
(640,500), (620,480), (600,500), (600,480), (580,480), (560,500), (560,480), (540,480), (520,460), (520,480), (500,480), (480,500), (500,480), (520,460), (520,480), (520,460), (500,440), (520,440), (500,420), (480,420), (480,440), (500,440), (520,440), (500,460), (480,480), (480,500), (500,500), (520,480), (500,500), (500,480), (520,480), (540,500), (540,520), (560,500), (540,500), (540,480), (560,500), (560,480), (540,480), (540,460), (560,480), (560,500), (580,480), (600,500), (580,480), (580,460), (560,460), (540,480), (560,500), (580,480), (580,500), (560,520), (560,540), (580,520), (560,540), (560,520), (540,500), (520,500), (540,500), (520,520), (520,540), (500,540), (480,520), (460,520), (440,500), (440,520), (460,500), (460,480), (480,500), (480,520), (500,500), (480,480), (460,500), (460,480), (460,500), (480,480), (460,460), (460,440), (460,460), (460,440), (480,460), (460,460), (480,460), (500,440), (480,440), (460,420), (440,420), (460,400), (460,420), (440,440), (440,420), (420,440), (440,420), (440,400), (420,420), (440,420), (440,400), (440,380), (460,400), (480,380)

// Déplacements de l'unité terrestre 2 sur un horizon temporel (x_2^t, y_2^t) 
(20,520), (40,540), (60,540), (60,520), (80,520), (60,540), (80,520), (80,500), (80,480), (80,460), (100,440), (100,460), (80,460), (100,480), (120,480), (100,500), (120,480), (120,500), (100,480), (120,460), (100,460), (100,440), (80,440), (60,420), (40,420), (60,420), (80,400), (100,400), (120,420), (120,440), (100,420), (80,400), (100,420), (120,400), (100,400), (100,420), (100,400), (80,420), (100,420), (80,400), (60,380), (80,360), (60,380), (80,380), (100,400), (120,380), (140,400), (120,380), (100,380), (80,400), (80,380), (80,400), (100,400), (80,400), (80,420), (80,440), (60,420), (60,440), (60,420), (40,440), (40,460), (60,440), (40,420), (20,400), (40,420), (40,440), (40,460), (20,480), (20,460), (20,480), (40,500), (40,480), (60,480), (40,460), (20,440), (20,420), (40,400), (40,380), (20,360), (20,340), (20,360), (40,380), (60,360), (80,340), (60,360), (60,340), (60,320), (80,340), (100,340), (80,340), (100,340), (120,340), (140,340), (160,340), (180,340), (160,320), (180,340), (200,340), (180,360), (200,360)

// Déplacements de l'unité terrestre 3 sur un horizon temporel (x_3^t, y_3^t) 
(680,100), (680,120), (700,140), (680,140), (700,140), (700,120), (720,100), (740,100), (760,100), (780,120), (800,120), (820,100), (840,100), (820,100), (800,80), (820,80), (840,80), (840,60), (860,80), (880,60), (880,40), (860,20), (840,20), (820,40), (820,60), (840,40), (840,20), (820,40), (800,20), (780,20), (760,40), (760,20), (780,40), (760,60), (740,60), (760,40), (740,40), (720,40), (740,60), (720,60), (740,80), (720,60), (700,40), (720,60), (740,60), (720,60), (720,40), (740,20), (760,40), (760,20), (780,40), (800,40), (820,60), (840,60), (820,40), (800,20), (800,40), (820,40), (840,60), (860,40), (880,60), (880,40), (880,60), (880,80), (860,100), (880,120), (900,140), (920,160), (920,140), (900,120), (920,100), (900,80), (880,60), (860,40), (880,60), (860,40), (880,60), (860,80), (840,80), (820,60), (800,80), (780,80), (780,60), (760,80), (780,60), (780,40), (800,40), (820,20), (840,20), (820,20), (800,40), (800,60), (820,60), (800,40), (780,60), (800,80), (780,80), (780,60), (800,40), (820,60)

// Déplacements de l'unité terrestre 4 sur un horizon temporel (x_4^t, y_4^t) 
(60,400), (60,380), (40,380), (20,380), (40,380), (60,400), (40,380), (20,360), (20,340), (40,320), (40,300), (40,320), (20,300), (40,280), (60,280), (40,280), (20,280), (20,300), (20,280), (40,260), (20,260), (40,280), (60,300), (80,280), (60,260), (60,280), (40,300), (60,280), (40,300), (60,280), (60,300), (40,300), (40,320), (40,300), (40,280), (20,300), (40,280), (60,280), (80,280), (60,280), (80,280), (80,260), (100,240), (120,220), (100,220), (100,240), (120,260), (140,280), (160,260), (180,260), (200,260), (220,280), (240,260), (260,240), (280,240), (300,240), (320,240), (340,220), (360,220), (380,220), (380,200), (400,220), (380,220), (400,200), (400,180), (420,200), (400,180), (400,200), (420,200), (440,220), (440,240), (420,240), (400,260), (420,240), (400,260), (400,280), (400,260), (380,260), (400,280), (380,260), (400,280), (400,260), (420,260), (400,240), (420,240), (420,260), (400,240), (400,220), (400,200), (380,200), (400,180), (400,160), (400,140), (420,120), (400,100), (420,80), (400,60), (380,60), (400,80), (400,60)

// Déplacements de l'unité terrestre 5 sur un horizon temporel (x_5^t, y_5^t) 
(840,100), (860,120), (840,120), (860,140), (880,120), (900,120), (920,120), (920,140), (900,160), (920,180), (940,200), (920,200), (940,220), (940,200), (960,180), (940,160), (920,140), (900,160), (920,160), (940,140), (960,120), (940,140), (960,120), (980,120), (960,100), (980,120), (980,140), (960,140), (940,120), (960,120), (980,120), (960,140), (960,160), (980,160), (980,180), (960,160), (940,160), (960,140), (980,160), (960,140), (980,140), (980,160), (960,140), (940,160), (920,180), (900,160), (880,140), (860,120), (880,120), (860,120), (880,120), (880,100), (860,80), (860,60), (860,40), (880,60), (900,60), (920,40), (940,60), (940,40), (940,60), (920,40), (940,40), (960,20), (940,40), (960,60), (980,80), (960,80), (980,100), (960,120), (980,100), (960,120), (980,120), (980,100), (960,80), (940,80), (920,80), (940,60), (920,40), (900,60), (880,80), (860,60), (860,40), (860,20), (840,20), (860,40), (840,40), (860,40), (860,20), (880,20), (880,40), (860,60), (840,80), (820,100), (820,120), (800,120), (820,140), (800,160), (820,160), (800,160)

// Déplacements de l'unité terrestre 6 sur un horizon temporel (x_6^t, y_6^t) 
(760,760), (740,760), (760,760), (780,760), (780,780), (760,800), (780,780), (760,760), (780,760), (800,760), (780,760), (800,780), (820,800), (840,780), (860,780), (860,760), (840,760), (860,780), (860,760), (880,740), (860,740), (880,740), (860,720), (840,720), (820,700), (800,700), (820,700), (840,720), (820,740), (800,720), (800,740), (800,720), (800,740), (820,740), (800,720), (820,700), (820,720), (800,720), (820,700), (800,680), (820,680), (840,680), (860,700), (840,680), (820,660), (820,640), (840,660), (820,660), (840,660), (860,660), (880,660), (860,680), (840,700), (860,700), (860,720), (840,720), (820,740), (840,760), (840,780), (820,760), (800,780), (780,760), (800,760), (820,760), (840,760), (860,740), (880,720), (880,700), (860,720), (840,700), (860,700), (880,680), (880,660), (900,660), (920,680), (920,700), (900,700), (920,720), (900,700), (880,680), (900,680), (920,680), (940,700), (920,720), (940,700), (960,700), (980,680), (980,700), (960,720), (980,740), (960,760), (960,780), (940,800), (920,800), (900,820), (920,820), (900,800), (880,780), (900,780), (920,760)

// Déplacements de l'unité terrestre 7 sur un horizon temporel (x_7^t, y_7^t) 
(780,360), (800,360), (800,380), (780,400), (760,380), (780,380), (780,400), (800,380), (780,380), (780,400), (800,400), (780,420), (760,440), (740,440), (760,420), (740,440), (720,440), (700,420), (680,420), (700,400), (680,380), (700,380), (680,360), (700,340), (720,340), (740,360), (720,360), (720,380), (720,360), (700,380), (700,360), (720,360), (720,380), (740,400), (720,380), (720,400), (740,400), (740,380), (740,360), (720,360), (740,360), (720,380), (700,380), (700,360), (700,340), (720,340), (700,340), (680,340), (680,360), (700,380), (680,360), (680,380), (700,360), (700,380), (680,400), (660,380), (680,380), (700,380), (720,360), (740,380), (760,360), (760,380), (780,360), (760,360), (740,360), (760,340), (760,320), (780,300), (760,300), (780,300), (760,280), (760,260), (760,280), (740,260), (760,240), (760,260), (740,280), (720,300), (740,320), (740,340), (720,320), (720,300), (700,300), (700,320), (700,300), (680,300), (660,320), (680,340), (680,320), (660,340), (660,320), (680,340), (660,360), (660,380), (680,400), (660,380), (640,380), (660,380), (660,400), (640,400)

// Déplacements de l'unité terrestre 8 sur un horizon temporel (x_8^t, y_8^t) 
(180,800), (200,800), (180,800), (160,800), (180,820), (200,800), (220,820), (240,800), (240,820), (260,840), (240,820), (240,840), (240,820), (260,840), (280,820), (280,800), (280,780), (260,780), (260,760), (240,760), (260,760), (280,780), (260,760), (240,780), (260,780), (240,800), (220,800), (200,780), (180,780), (160,780), (160,800), (140,800), (160,780), (160,760), (140,740), (120,740), (120,760), (100,740), (120,740), (120,760), (120,740), (100,720), (120,700), (120,680), (140,660), (160,680), (140,660), (160,680), (180,700), (200,720), (180,700), (200,720), (180,720), (200,740), (180,740), (160,720), (160,740), (140,740), (140,760), (160,740), (180,760), (160,760), (180,780), (180,760), (160,740), (140,720), (160,700), (180,720), (200,740), (180,760), (200,740), (180,720), (200,700), (200,720), (220,740), (240,720), (240,740), (260,720), (280,720), (300,720), (280,740), (260,720), (240,740), (220,740), (200,740), (220,760), (200,740), (180,760), (200,740), (220,740), (220,720), (200,720), (220,700), (220,720), (240,700), (260,680), (280,700), (300,700), (280,680), (300,700)

// Déplacements de l'unité terrestre 9 sur un horizon temporel (x_9^t, y_9^t) 
(360,400), (380,420), (360,400), (340,380), (340,360), (360,360), (360,380), (380,360), (360,340), (380,340), (380,320), (360,300), (380,320), (360,300), (360,320), (360,340), (340,320), (320,340), (320,360), (320,340), (320,360), (340,380), (320,400), (340,420), (360,400), (340,400), (340,380), (360,400), (340,420), (340,400), (340,380), (340,400), (320,420), (300,420), (280,420), (280,440), (280,420), (300,420), (300,440), (300,420), (300,440), (320,460), (300,460), (320,460), (300,480), (280,460), (300,460), (320,460), (300,480), (280,480), (300,480), (320,500), (340,520), (360,520), (340,520), (340,500), (320,520), (340,520), (360,540), (380,540), (380,560), (400,580), (380,600), (360,580), (360,560), (340,580), (340,560), (340,580), (320,600), (300,600), (280,580), (280,600), (260,620), (260,640), (280,640), (260,620), (260,640), (260,620), (240,640), (220,660), (220,640), (220,660), (200,680), (220,680), (220,700), (240,680), (220,660), (200,660), (180,680), (180,700), (200,720), (180,740), (160,760), (160,740), (180,740), (180,760), (180,740), (160,720), (160,740), (180,720)

// Déplacements de l'unité terrestre 10 sur un horizon temporel (x_10^t, y_10^t) 
(580,560), (560,580), (540,600), (540,580), (520,580), (540,580), (540,560), (560,540), (560,520), (580,500), (580,520), (560,520), (580,540), (580,520), (560,520), (560,540), (540,540), (520,520), (500,540), (500,520), (500,500), (500,480), (520,480), (500,460), (500,440), (520,460), (540,480), (560,460), (540,480), (560,480), (580,480), (600,500), (600,480), (580,480), (580,460), (600,480), (600,500), (620,520), (640,500), (660,480), (660,500), (680,520), (660,540), (680,520), (700,500), (700,520), (720,540), (740,540), (720,560), (740,540), (720,520), (700,520), (700,500), (680,480), (700,480), (720,500), (700,520), (680,500), (660,480), (660,500), (680,500), (660,520), (680,520), (680,500), (660,500), (660,520), (680,540), (660,540), (680,540), (680,560), (660,580), (640,560), (660,580), (660,560), (680,560), (700,580), (720,580), (700,580), (700,600), (700,620), (700,640), (680,660), (700,660), (720,680), (740,680), (720,700), (740,720), (760,720), (780,720), (800,720), (780,740), (780,720), (780,740), (760,740), (760,760), (780,740), (760,720), (740,720), (740,700), (740,720)

