// Déplacements de l'unité terrestre 1 sur un horizon temporel (x_1^t, y_1^t) 
(220,920), (200,900), (220,900), (240,900), (220,920), (220,940), (240,940), (260,960), (240,980), (220,960), (200,960), (220,960), (200,980), (220,980), (240,960), (260,960), (240,980), (220,980), (220,960), (220,940), (200,940), (180,920), (160,920), (140,940), (120,940), (140,920), (160,900), (140,920), (140,900), (160,920), (160,900), (140,920), (120,940), (100,940), (80,940), (80,920), (100,940), (120,920), (100,940), (80,940), (80,920), (60,940), (80,960), (100,960), (120,940), (100,960), (120,960), (120,980), (100,980), (80,960), (60,960), (40,940), (20,960), (40,980), (20,980), (40,980), (60,980), (80,960), (60,940), (80,920), (60,900), (60,920), (80,900), (60,920), (60,940), (40,940), (40,960), (40,980), (20,960), (40,940), (60,960), (80,960), (60,960), (40,980), (60,960), (60,940), (40,960), (60,960), (60,980), (80,960), (60,960), (80,960), (60,960), (40,960), (60,980), (40,980), (20,960), (20,980), (40,960), (60,980), (80,960), (100,980), (120,980), (100,980), (120,960), (140,960), (120,960), (120,940), (100,940), (80,940)

// Déplacements de l'unité terrestre 2 sur un horizon temporel (x_2^t, y_2^t) 
(580,480), (560,480), (540,500), (520,520), (540,540), (560,520), (540,540), (520,540), (520,560), (520,580), (540,560), (560,560), (540,580), (520,600), (500,580), (480,580), (500,600), (520,620), (540,620), (560,640), (540,660), (560,640), (560,620), (560,600), (540,620), (520,640), (540,660), (540,680), (540,700), (520,720), (540,700), (560,680), (560,700), (540,680), (560,700), (540,720), (560,740), (540,740), (520,760), (500,760), (480,760), (460,760), (480,760), (480,780), (460,780), (460,760), (460,740), (440,740), (460,740), (440,740), (440,760), (460,780), (480,800), (500,800), (500,780), (480,800), (460,780), (460,760), (460,780), (460,800), (460,820), (460,800), (440,820), (460,820), (480,840), (460,860), (460,880), (440,900), (440,920), (440,900), (420,920), (440,900), (460,880), (440,860), (440,880), (460,900), (460,880), (440,900), (420,920), (420,900), (400,900), (420,920), (440,900), (440,880), (420,900), (440,900), (420,920), (400,920), (420,940), (400,960), (400,980), (420,960), (420,980), (420,960), (420,980), (420,960), (400,940), (420,960), (400,960), (420,940)

// Déplacements de l'unité terrestre 3 sur un horizon temporel (x_3^t, y_3^t) 
(520,700), (540,720), (520,720), (500,700), (520,700), (500,700), (480,720), (500,720), (480,740), (460,760), (480,780), (500,800), (520,780), (540,760), (520,780), (520,760), (540,780), (560,800), (540,800), (560,800), (540,820), (520,800), (540,820), (540,840), (560,860), (580,880), (560,880), (580,880), (580,860), (580,880), (580,860), (580,880), (560,900), (580,880), (560,880), (560,860), (580,880), (600,880), (600,900), (620,880), (640,880), (620,900), (640,920), (620,940), (640,960), (620,960), (640,980), (660,980), (640,980), (660,980), (680,980), (700,960), (720,980), (700,960), (680,980), (660,960), (660,980), (640,960), (620,940), (600,960), (600,940), (620,940), (640,960), (620,940), (620,960), (600,940), (580,960), (600,960), (580,980), (560,980), (580,980), (600,960), (600,940), (600,960), (580,940), (560,960), (540,980), (520,960), (540,940), (560,960), (580,960), (560,980), (560,960), (560,980), (540,980), (520,960), (540,980), (560,980), (580,960), (580,980), (600,980), (580,980), (600,960), (620,960), (620,940), (620,960), (600,960), (620,940), (600,920), (580,920)

// Déplacements de l'unité terrestre 4 sur un horizon temporel (x_4^t, y_4^t) 
(800,160), (780,140), (800,140), (780,140), (780,160), (800,140), (820,120), (800,100), (800,80), (780,80), (760,80), (780,60), (760,60), (760,40), (780,20), (780,40), (800,20), (780,20), (760,40), (740,40), (760,40), (740,40), (720,40), (720,60), (700,40), (680,60), (700,60), (680,40), (700,40), (680,20), (680,40), (660,20), (640,20), (640,40), (620,40), (640,40), (620,20), (640,40), (620,20), (640,40), (660,20), (660,40), (680,40), (700,20), (700,40), (680,60), (700,60), (700,40), (720,20), (720,40), (720,60), (740,80), (760,80), (780,60), (800,40), (820,40), (800,20), (800,40), (780,60), (780,40), (800,20), (780,20), (800,40), (780,20), (760,40), (780,40), (800,20), (800,40), (820,40), (840,20), (820,40), (800,60), (780,60), (780,80), (780,100), (800,120), (780,120), (760,140), (760,160), (740,180), (760,160), (740,140), (760,120), (780,120), (800,100), (780,80), (800,60), (820,80), (840,100), (860,80), (840,100), (840,80), (840,60), (820,80), (840,100), (820,80), (800,100), (820,100), (840,120), (860,140)

// Déplacements de l'unité terrestre 5 sur un horizon temporel (x_5^t, y_5^t) 
(460,260), (440,260), (440,240), (440,260), (440,240), (460,260), (440,260), (420,260), (440,260), (460,280), (480,260), (500,260), (500,240), (500,220), (520,220), (520,200), (520,220), (520,200), (500,180), (520,200), (500,200), (500,220), (520,240), (540,220), (520,240), (500,220), (520,240), (540,260), (520,240), (500,220), (480,200), (460,200), (440,220), (460,200), (440,220), (420,240), (400,220), (380,240), (360,260), (340,240), (320,220), (340,220), (320,200), (320,220), (320,200), (340,220), (340,240), (320,240), (340,240), (340,260), (360,280), (380,280), (360,260), (340,260), (360,260), (340,260), (320,240), (340,260), (360,260), (340,240), (360,220), (340,240), (360,240), (340,240), (320,240), (340,240), (360,220), (340,240), (360,220), (380,240), (400,240), (380,260), (360,280), (380,280), (400,260), (420,240), (420,260), (400,260), (400,240), (380,220), (360,240), (340,240), (360,260), (340,240), (360,260), (360,240), (380,220), (360,200), (360,180), (340,200), (320,200), (320,180), (340,200), (340,220), (320,220), (300,220), (280,240), (280,220), (260,240), (240,220)

// Déplacements de l'unité terrestre 6 sur un horizon temporel (x_6^t, y_6^t) 
(380,960), (380,980), (360,960), (340,940), (320,920), (320,900), (300,880), (280,880), (300,860), (320,840), (320,860), (300,860), (280,880), (280,860), (300,880), (300,900), (280,880), (280,860), (260,860), (240,860), (220,840), (240,860), (220,860), (200,880), (180,860), (160,840), (180,840), (180,820), (180,840), (160,840), (160,820), (160,800), (140,820), (160,840), (140,860), (160,840), (180,840), (160,860), (160,880), (140,860), (160,880), (160,860), (180,840), (160,820), (160,840), (160,820), (180,840), (180,820), (160,800), (160,780), (180,780), (160,760), (180,760), (160,740), (140,720), (120,720), (100,740), (100,720), (80,720), (60,700), (80,720), (60,700), (60,720), (80,720), (100,720), (100,740), (100,720), (80,700), (80,680), (100,700), (120,700), (140,680), (160,680), (180,660), (200,660), (200,640), (220,660), (220,640), (220,620), (240,600), (260,600), (260,620), (260,600), (280,620), (280,640), (300,640), (300,660), (300,680), (280,680), (300,700), (320,680), (340,680), (320,700), (320,720), (300,720), (300,740), (320,720), (320,700), (340,700), (360,700)

// Déplacements de l'unité terrestre 7 sur un horizon temporel (x_7^t, y_7^t) 
(340,220), (340,240), (360,220), (360,240), (340,260), (360,260), (380,280), (400,300), (400,280), (420,300), (440,280), (460,280), (460,260), (480,280), (460,300), (460,280), (480,280), (500,280), (500,260), (500,280), (500,300), (520,280), (500,260), (500,280), (480,300), (500,320), (500,300), (480,280), (460,260), (440,240), (460,240), (480,260), (480,280), (500,280), (520,280), (500,300), (480,280), (500,260), (480,260), (460,260), (460,240), (460,220), (460,200), (440,200), (420,180), (400,200), (380,180), (380,200), (360,200), (360,180), (380,180), (380,200), (400,180), (420,180), (420,160), (420,180), (440,160), (440,180), (460,160), (440,160), (420,140), (420,120), (440,140), (460,120), (440,120), (440,140), (460,140), (440,140), (460,160), (440,160), (440,180), (420,180), (420,160), (400,140), (380,140), (400,120), (380,100), (400,100), (420,100), (440,100), (440,120), (460,120), (460,100), (440,120), (460,100), (460,80), (440,80), (440,60), (420,60), (440,40), (460,60), (440,60), (460,60), (440,40), (440,60), (420,60), (420,80), (440,100), (460,100), (460,120)

// Déplacements de l'unité terrestre 8 sur un horizon temporel (x_8^t, y_8^t) 
(760,460), (740,460), (760,480), (740,500), (720,480), (740,480), (760,480), (760,500), (740,500), (720,480), (700,460), (720,440), (700,440), (680,420), (680,400), (680,380), (660,360), (680,340), (680,360), (680,340), (680,320), (660,340), (640,320), (660,320), (640,320), (620,300), (640,320), (640,340), (660,320), (680,320), (680,300), (700,280), (680,280), (700,300), (680,320), (680,300), (660,300), (640,280), (640,260), (620,260), (600,280), (600,300), (620,300), (600,320), (620,340), (640,360), (660,360), (640,380), (660,400), (680,400), (700,380), (680,360), (700,340), (720,320), (720,300), (700,300), (680,320), (660,300), (660,320), (660,340), (640,340), (620,360), (620,340), (640,340), (640,360), (620,340), (600,340), (620,360), (640,340), (660,320), (660,300), (680,280), (680,300), (700,300), (720,280), (740,260), (720,260), (720,240), (740,240), (760,220), (780,200), (780,180), (800,160), (800,140), (800,120), (820,140), (820,160), (800,180), (800,160), (820,140), (840,160), (860,140), (840,160), (820,140), (820,160), (820,180), (840,180), (820,180), (800,180), (780,180)

// Déplacements de l'unité terrestre 9 sur un horizon temporel (x_9^t, y_9^t) 
(720,620), (720,640), (700,660), (720,660), (740,640), (760,640), (780,660), (800,640), (800,620), (820,640), (840,620), (820,640), (800,660), (780,680), (780,660), (760,640), (740,620), (760,640), (780,620), (760,640), (780,660), (760,640), (740,660), (720,640), (700,640), (720,640), (700,620), (680,600), (680,580), (680,600), (700,600), (720,600), (700,600), (680,620), (680,600), (700,600), (700,580), (720,560), (720,540), (740,540), (740,560), (760,580), (760,600), (740,620), (760,620), (780,640), (800,640), (780,640), (760,620), (780,640), (780,620), (760,600), (760,580), (760,600), (760,620), (780,620), (800,640), (780,660), (760,660), (740,680), (720,680), (720,700), (700,700), (680,700), (700,700), (680,680), (700,700), (680,720), (680,700), (700,700), (680,720), (700,720), (700,700), (700,720), (720,720), (720,700), (720,720), (720,700), (700,680), (680,660), (680,680), (660,700), (680,680), (700,660), (700,640), (680,620), (660,620), (680,600), (680,620), (660,600), (640,580), (660,580), (680,560), (680,540), (660,560), (680,560), (680,580), (660,600), (660,620), (640,600)

// Déplacements de l'unité terrestre 10 sur un horizon temporel (x_10^t, y_10^t) 
(120,660), (120,640), (100,660), (120,660), (100,680), (100,700), (120,680), (140,700), (140,680), (160,680), (180,660), (200,640), (220,640), (240,640), (240,620), (220,640), (240,620), (260,600), (260,580), (280,560), (260,540), (260,560), (280,540), (300,560), (300,540), (280,540), (300,520), (280,500), (300,500), (320,480), (340,480), (360,460), (380,480), (360,480), (360,500), (380,520), (360,540), (360,560), (380,540), (380,560), (360,560), (360,580), (380,580), (400,600), (400,580), (380,600), (360,600), (360,580), (360,560), (380,580), (380,600), (360,580), (360,560), (340,560), (320,580), (300,600), (320,620), (300,600), (320,600), (340,620), (320,620), (320,600), (300,580), (280,580), (260,580), (260,600), (240,580), (220,600), (240,580), (220,600), (200,620), (220,640), (200,660), (200,680), (180,660), (180,640), (180,660), (200,640), (220,640), (200,620), (180,600), (200,620), (220,640), (220,620), (240,620), (220,640), (240,640), (220,660), (240,640), (260,640), (280,660), (260,680), (260,660), (240,660), (260,640), (240,640), (260,640), (260,660), (240,660), (220,680)

