// Déplacements de l'unité terrestre 1 sur un horizon temporel (x_1^t, y_1^t) 
(420,920), (420,900), (400,900), (420,880), (440,860), (460,880), (440,880), (440,860), (460,880), (480,860), (460,860), (440,880), (420,880), (400,880), (380,860), (380,840), (400,840), (380,840), (360,820), (360,800), (380,800), (400,800), (420,800), (440,820), (460,800), (480,780), (500,760), (500,780), (520,800), (500,800), (480,820), (500,820), (500,840), (520,820), (500,820), (520,820), (520,840), (520,860), (500,880), (520,880), (540,880), (560,880), (540,900), (560,920), (580,900), (600,900), (620,920), (620,900), (600,920), (620,920), (640,900), (660,880), (660,900), (640,880), (660,860), (680,880), (660,900), (660,880), (640,900), (660,880), (640,860), (660,860), (660,840), (640,820), (660,820), (640,820), (620,840), (600,840), (580,820), (580,800), (580,820), (580,840), (580,860), (600,860), (620,840), (620,820), (640,820), (660,800), (680,780), (700,760), (700,740), (680,740), (660,740), (640,760), (620,740), (600,760), (600,740), (580,740), (600,760), (620,740), (600,740), (580,740), (580,720), (560,700), (580,700), (580,680), (580,700), (600,680), (600,660), (580,660)

// Déplacements de l'unité terrestre 2 sur un horizon temporel (x_2^t, y_2^t) 
(380,800), (360,820), (340,820), (360,800), (340,820), (320,800), (300,800), (300,820), (320,800), (340,820), (340,800), (360,820), (380,820), (360,840), (380,820), (400,840), (380,820), (400,800), (380,800), (400,800), (380,820), (360,840), (340,840), (360,820), (340,820), (340,840), (320,820), (300,800), (320,780), (320,800), (300,780), (280,800), (260,780), (240,780), (220,760), (240,740), (220,740), (220,760), (200,760), (180,740), (200,740), (220,760), (220,740), (200,740), (220,720), (220,740), (220,720), (240,700), (260,680), (260,660), (260,640), (260,620), (280,600), (280,580), (300,600), (280,620), (260,600), (240,600), (220,580), (240,580), (220,580), (240,580), (220,560), (220,540), (200,560), (220,540), (240,520), (260,500), (240,520), (260,540), (280,560), (300,540), (300,520), (280,500), (300,520), (280,520), (260,520), (240,520), (260,540), (260,520), (240,500), (260,520), (240,540), (220,520), (200,500), (220,500), (200,480), (220,460), (240,460), (260,440), (240,460), (220,440), (240,420), (220,400), (200,400), (180,380), (160,400), (180,420), (180,440), (200,440)

// Déplacements de l'unité terrestre 3 sur un horizon temporel (x_3^t, y_3^t) 
(300,500), (280,480), (280,460), (260,460), (280,480), (260,460), (260,440), (260,460), (260,480), (280,460), (300,440), (320,420), (340,420), (320,400), (320,420), (340,440), (360,460), (380,460), (400,480), (420,460), (420,440), (400,420), (400,440), (420,440), (440,420), (440,400), (460,400), (480,380), (500,380), (520,360), (540,340), (560,340), (540,340), (520,340), (500,340), (500,360), (500,380), (520,380), (500,360), (500,380), (480,380), (500,400), (480,400), (480,420), (460,440), (460,460), (440,440), (420,440), (420,420), (400,400), (420,420), (420,400), (400,380), (380,400), (380,380), (400,360), (420,380), (420,400), (400,380), (380,400), (380,420), (380,400), (400,420), (400,400), (380,420), (380,400), (380,420), (360,420), (380,420), (360,400), (360,380), (340,380), (320,380), (340,360), (360,360), (340,380), (360,380), (360,360), (360,340), (340,360), (340,380), (360,400), (360,420), (340,440), (360,440), (340,440), (360,440), (380,420), (360,420), (380,420), (400,400), (420,380), (400,380), (420,380), (400,380), (400,360), (380,360), (400,340), (420,320), (400,320)

// Déplacements de l'unité terrestre 4 sur un horizon temporel (x_4^t, y_4^t) 
(840,380), (840,400), (860,420), (860,440), (880,440), (880,460), (900,480), (880,480), (860,500), (840,520), (820,500), (800,520), (780,500), (760,520), (780,540), (760,520), (740,500), (760,480), (780,500), (800,480), (820,460), (840,480), (860,480), (880,480), (900,460), (920,440), (920,460), (900,460), (880,460), (860,440), (880,420), (880,400), (880,380), (900,380), (900,360), (880,360), (860,340), (860,360), (860,340), (880,360), (900,360), (880,380), (880,400), (860,420), (880,440), (880,460), (900,440), (920,440), (940,460), (940,480), (960,480), (980,480), (960,480), (960,500), (940,520), (960,500), (980,500), (980,520), (960,540), (980,520), (960,500), (980,500), (960,480), (940,500), (960,500), (940,520), (940,500), (920,520), (940,520), (960,500), (980,500), (980,480), (980,500), (960,500), (960,520), (980,500), (980,480), (960,460), (940,480), (940,460), (960,480), (960,460), (940,460), (960,440), (940,460), (920,480), (900,460), (880,440), (900,460), (920,480), (940,480), (960,460), (960,440), (940,420), (960,400), (940,380), (960,360), (940,360), (940,380), (960,400)

// Déplacements de l'unité terrestre 5 sur un horizon temporel (x_5^t, y_5^t) 
(760,820), (740,820), (720,820), (740,820), (720,820), (720,840), (740,860), (760,880), (740,860), (720,880), (700,900), (700,920), (700,900), (680,900), (660,880), (640,880), (620,900), (620,920), (620,940), (640,940), (640,920), (620,900), (640,920), (620,920), (620,900), (620,920), (620,900), (640,880), (640,900), (620,920), (640,920), (660,920), (680,900), (700,920), (720,940), (700,940), (720,940), (720,960), (740,960), (720,980), (700,960), (680,960), (660,960), (660,940), (680,940), (660,920), (640,920), (660,940), (640,960), (660,960), (640,960), (660,960), (680,960), (660,960), (640,980), (660,980), (640,980), (660,980), (660,960), (680,940), (660,960), (660,940), (680,940), (700,920), (700,900), (680,900), (700,920), (680,920), (700,920), (680,900), (700,920), (680,900), (680,880), (660,900), (680,880), (700,900), (700,920), (680,920), (680,940), (700,940), (720,960), (740,960), (760,980), (780,980), (760,980), (780,960), (760,940), (780,920), (780,940), (800,940), (820,920), (820,940), (800,940), (780,920), (760,920), (780,940), (800,960), (780,980), (760,960), (740,980)

// Déplacements de l'unité terrestre 6 sur un horizon temporel (x_6^t, y_6^t) 
(740,800), (740,820), (720,800), (720,820), (720,840), (740,820), (760,840), (740,840), (720,860), (740,860), (740,840), (720,840), (740,840), (720,860), (720,840), (740,820), (720,840), (720,860), (740,860), (740,840), (720,840), (740,840), (740,860), (720,840), (700,860), (720,860), (700,880), (680,860), (660,860), (640,860), (660,840), (640,860), (640,880), (640,900), (620,900), (620,920), (620,940), (620,960), (620,980), (600,980), (620,980), (640,980), (620,980), (620,960), (620,980), (640,960), (660,960), (640,940), (620,960), (640,980), (660,980), (660,960), (660,980), (660,960), (640,980), (660,980), (640,980), (660,960), (680,980), (700,980), (720,980), (740,980), (760,980), (740,960), (720,940), (740,960), (720,980), (740,980), (720,980), (720,960), (700,980), (720,980), (720,960), (740,960), (720,980), (740,960), (720,980), (700,960), (680,980), (660,980), (680,980), (700,960), (720,940), (720,920), (740,900), (740,880), (760,880), (740,900), (720,900), (740,900), (740,880), (760,880), (760,860), (780,880), (760,880), (780,880), (800,860), (800,840), (800,820), (780,820)

// Déplacements de l'unité terrestre 7 sur un horizon temporel (x_7^t, y_7^t) 
(100,360), (80,380), (80,400), (100,400), (80,380), (80,360), (60,360), (80,380), (100,380), (120,400), (140,380), (140,360), (120,380), (120,400), (100,380), (80,360), (80,340), (60,320), (40,320), (20,340), (20,320), (40,340), (20,320), (40,320), (60,320), (40,340), (60,340), (80,360), (100,360), (120,360), (140,380), (120,400), (120,420), (100,440), (100,460), (120,440), (100,460), (80,440), (100,440), (80,420), (80,440), (60,420), (60,400), (60,420), (40,400), (20,380), (40,400), (20,380), (40,400), (20,380), (20,360), (40,380), (60,360), (80,340), (100,340), (80,340), (100,340), (80,320), (60,340), (40,320), (40,300), (20,280), (40,260), (60,240), (60,220), (40,220), (60,220), (80,240), (100,220), (120,240), (140,260), (140,240), (140,260), (160,280), (140,300), (160,280), (180,300), (160,280), (140,300), (160,280), (160,260), (180,240), (200,240), (200,260), (180,280), (200,280), (200,260), (180,280), (180,300), (160,280), (140,300), (120,300), (140,300), (140,320), (160,300), (160,320), (180,340), (180,320), (200,300), (180,300)

// Déplacements de l'unité terrestre 8 sur un horizon temporel (x_8^t, y_8^t) 
(900,760), (880,780), (860,780), (880,800), (860,800), (880,820), (900,840), (920,840), (900,840), (880,840), (900,820), (900,800), (920,780), (900,800), (920,800), (900,780), (880,780), (900,760), (920,760), (900,780), (900,760), (900,780), (880,760), (860,760), (880,740), (900,760), (880,760), (860,760), (840,740), (840,720), (840,740), (820,740), (800,720), (800,740), (820,760), (840,780), (820,760), (800,780), (820,800), (800,780), (820,780), (840,760), (860,780), (840,780), (820,800), (820,780), (840,780), (860,760), (860,740), (840,760), (820,780), (820,800), (820,780), (800,800), (780,780), (780,800), (800,820), (800,840), (800,860), (780,880), (800,860), (820,840), (840,840), (840,860), (860,840), (840,820), (820,820), (800,840), (820,840), (820,860), (840,840), (840,820), (860,800), (860,780), (840,760), (820,780), (800,780), (800,760), (780,740), (800,740), (820,740), (800,740), (820,720), (820,740), (800,760), (780,780), (800,760), (820,780), (840,800), (860,820), (880,800), (880,820), (900,840), (880,840), (900,860), (880,860), (860,860), (880,840), (900,860), (880,860)

// Déplacements de l'unité terrestre 9 sur un horizon temporel (x_9^t, y_9^t) 
(220,640), (200,660), (220,680), (200,680), (180,680), (200,660), (200,680), (180,700), (180,680), (160,660), (160,680), (160,660), (140,680), (120,680), (100,700), (100,680), (80,680), (60,680), (80,680), (80,700), (80,680), (100,660), (80,680), (60,680), (40,660), (60,660), (80,680), (100,700), (100,720), (100,740), (80,740), (100,740), (120,760), (140,740), (120,760), (120,740), (120,720), (120,700), (120,680), (100,700), (80,700), (60,700), (40,700), (60,720), (40,720), (40,700), (60,700), (80,680), (100,680), (120,680), (100,660), (120,640), (140,640), (160,620), (180,620), (200,620), (180,600), (160,620), (180,600), (200,620), (180,600), (160,620), (160,600), (140,620), (120,620), (120,600), (120,580), (120,560), (100,560), (120,540), (100,520), (80,500), (80,520), (60,500), (40,480), (40,500), (60,480), (40,480), (60,500), (80,480), (60,460), (80,480), (60,500), (40,480), (20,500), (20,520), (20,540), (40,560), (40,540), (20,520), (40,540), (20,560), (40,560), (60,540), (80,520), (80,540), (100,540), (120,560), (120,540), (100,520)

// Déplacements de l'unité terrestre 10 sur un horizon temporel (x_10^t, y_10^t) 
(220,680), (240,660), (260,640), (260,620), (240,620), (220,620), (240,600), (260,620), (280,620), (300,640), (280,660), (260,640), (280,620), (280,600), (280,580), (260,560), (260,580), (260,600), (280,580), (300,600), (320,620), (300,600), (320,620), (340,600), (360,600), (380,580), (400,560), (420,580), (400,580), (380,580), (380,560), (360,580), (380,560), (400,580), (380,600), (400,620), (400,640), (380,660), (400,660), (380,660), (360,660), (380,640), (380,620), (400,600), (400,580), (420,580), (400,580), (380,560), (400,560), (420,560), (440,560), (460,580), (480,600), (500,580), (480,600), (480,620), (460,640), (480,640), (460,620), (480,600), (500,600), (500,580), (500,560), (520,560), (520,580), (540,560), (560,560), (560,580), (580,600), (600,620), (580,600), (560,620), (560,600), (580,600), (600,580), (580,560), (560,560), (560,540), (580,540), (580,560), (580,540), (600,540), (600,560), (600,540), (620,520), (600,500), (580,480), (600,460), (600,440), (620,440), (600,420), (580,400), (600,380), (580,360), (600,380), (600,400), (580,420), (600,420), (620,440), (640,440)

