// Déplacements de l'unité terrestre 1 sur un horizon temporel (x_1^t, y_1^t) 
(600,960), (600,980), (580,980), (600,980), (600,960), (580,960), (580,980), (600,980), (620,980), (600,980), (580,980), (560,980), (580,960), (580,940), (600,940), (600,920), (620,940), (620,920), (640,940), (640,920), (660,940), (640,960), (660,940), (640,940), (620,940), (600,940), (580,920), (560,940), (540,960), (520,940), (500,920), (520,920), (520,900), (540,880), (540,900), (520,900), (540,920), (560,940), (580,920), (560,900), (560,880), (580,860), (560,860), (560,840), (580,860), (560,860), (580,860), (560,860), (580,840), (580,820), (600,840), (580,820), (600,840), (580,840), (580,820), (600,800), (600,780), (580,780), (560,780), (580,760), (600,780), (620,800), (640,780), (640,800), (660,780), (680,800), (680,780), (700,780), (720,800), (700,820), (680,840), (680,820), (660,820), (660,840), (640,860), (660,860), (640,840), (660,840), (660,820), (640,820), (640,800), (640,820), (660,840), (660,820), (640,800), (620,820), (640,840), (640,820), (640,800), (640,820), (640,800), (620,780), (600,780), (580,760), (600,740), (580,760), (580,740), (600,760), (600,740), (580,740)

// Déplacements de l'unité terrestre 2 sur un horizon temporel (x_2^t, y_2^t) 
(60,760), (80,760), (60,740), (60,720), (40,740), (20,760), (40,780), (60,780), (60,800), (40,820), (60,840), (40,840), (20,820), (40,840), (20,860), (40,840), (60,860), (40,860), (20,880), (40,880), (40,900), (20,900), (20,880), (40,880), (60,900), (80,920), (60,920), (80,940), (60,940), (60,920), (80,900), (60,900), (40,920), (40,900), (60,900), (40,880), (20,900), (40,880), (40,860), (20,880), (40,860), (20,840), (40,860), (20,860), (20,880), (20,900), (40,920), (20,900), (20,920), (40,920), (40,940), (40,960), (20,940), (40,920), (40,900), (20,900), (20,880), (20,860), (20,880), (40,860), (20,840), (20,860), (20,880), (20,860), (40,840), (60,840), (80,840), (60,820), (40,800), (60,780), (40,780), (40,800), (20,820), (40,840), (20,840), (40,860), (20,840), (20,860), (40,880), (60,880), (40,880), (40,900), (20,920), (40,940), (20,940), (40,940), (40,960), (20,980), (40,960), (20,940), (40,940), (60,920), (80,900), (60,920), (80,900), (100,920), (100,900), (80,920), (100,940), (80,940)

// Déplacements de l'unité terrestre 3 sur un horizon temporel (x_3^t, y_3^t) 
(820,940), (800,920), (780,920), (760,900), (760,880), (780,880), (800,860), (780,880), (800,880), (820,860), (820,840), (800,860), (800,880), (820,900), (820,920), (820,900), (800,900), (820,920), (820,940), (820,960), (840,980), (840,960), (840,980), (820,980), (840,960), (820,940), (840,920), (820,940), (800,960), (780,940), (780,920), (780,940), (760,940), (740,940), (720,960), (740,960), (740,980), (760,960), (740,940), (720,920), (740,920), (760,900), (740,900), (760,880), (740,860), (740,880), (760,860), (780,880), (780,860), (780,880), (780,860), (760,860), (760,880), (760,900), (740,900), (720,900), (740,900), (720,920), (740,940), (720,940), (740,960), (760,960), (760,980), (740,980), (720,960), (740,960), (740,980), (740,960), (760,980), (740,960), (760,940), (760,960), (760,940), (780,960), (760,940), (740,940), (760,940), (740,920), (720,900), (740,920), (720,900), (740,880), (760,900), (780,900), (760,920), (780,920), (780,940), (760,920), (780,940), (780,960), (800,980), (820,980), (820,960), (820,940), (840,920), (820,940), (840,960), (860,960), (880,980), (860,960)

// Déplacements de l'unité terrestre 4 sur un horizon temporel (x_4^t, y_4^t) 
(520,720), (520,740), (500,740), (480,720), (500,700), (520,720), (540,700), (520,700), (540,720), (540,740), (540,760), (520,740), (520,760), (500,760), (500,740), (480,740), (460,720), (440,700), (460,700), (480,720), (460,720), (440,720), (460,720), (440,720), (460,740), (440,740), (460,760), (480,780), (460,800), (460,820), (480,820), (480,840), (480,860), (500,880), (520,900), (520,880), (500,900), (520,880), (520,900), (500,900), (520,880), (520,900), (500,920), (480,940), (500,960), (520,940), (500,960), (520,940), (520,960), (500,960), (480,960), (460,960), (440,960), (420,980), (420,960), (420,980), (400,960), (400,980), (380,980), (360,960), (340,980), (360,980), (340,980), (360,960), (380,980), (360,980), (360,960), (340,940), (320,920), (340,920), (360,900), (340,880), (360,900), (380,900), (400,880), (420,880), (420,900), (400,880), (400,860), (380,880), (380,900), (360,920), (340,900), (320,880), (340,900), (360,920), (340,920), (320,900), (320,920), (300,920), (300,940), (300,960), (320,980), (300,960), (280,960), (260,960), (260,980), (280,980), (300,980), (280,980)

// Déplacements de l'unité terrestre 5 sur un horizon temporel (x_5^t, y_5^t) 
(540,400), (560,420), (560,440), (540,440), (560,440), (580,440), (560,420), (540,400), (560,420), (580,400), (560,400), (560,420), (540,400), (520,400), (540,380), (560,380), (580,400), (560,400), (580,380), (560,360), (560,380), (540,380), (560,360), (580,340), (580,360), (560,380), (560,360), (540,340), (560,360), (580,380), (560,380), (560,400), (560,380), (540,360), (540,380), (520,380), (520,360), (540,380), (560,400), (580,380), (580,400), (560,380), (540,400), (520,400), (500,420), (480,420), (500,400), (480,380), (480,360), (500,380), (500,360), (500,340), (520,360), (540,360), (540,340), (540,320), (520,340), (500,360), (520,360), (520,380), (500,400), (500,420), (500,440), (500,420), (480,400), (480,380), (500,380), (500,360), (500,340), (480,360), (480,340), (460,340), (440,320), (420,320), (400,320), (380,340), (400,340), (380,320), (360,300), (360,280), (340,260), (320,240), (300,220), (320,240), (300,220), (280,240), (280,260), (300,260), (320,240), (300,220), (320,200), (340,180), (340,200), (320,200), (320,220), (300,220), (280,220), (300,200), (300,220), (280,240)

// Déplacements de l'unité terrestre 6 sur un horizon temporel (x_6^t, y_6^t) 
(440,400), (440,420), (460,420), (480,420), (460,440), (460,420), (480,440), (460,420), (460,400), (440,380), (420,380), (440,400), (440,380), (420,400), (400,420), (400,400), (420,380), (400,380), (380,380), (360,360), (360,380), (380,360), (380,340), (360,340), (340,320), (320,320), (300,320), (280,340), (260,340), (280,360), (260,360), (240,380), (220,360), (220,340), (200,360), (200,340), (180,360), (200,380), (220,360), (220,340), (240,340), (240,320), (260,300), (280,320), (280,340), (300,320), (320,320), (300,300), (300,320), (320,300), (320,320), (340,300), (320,280), (340,280), (320,260), (300,260), (300,280), (300,260), (280,280), (300,280), (280,260), (300,240), (280,220), (300,240), (300,220), (280,200), (300,180), (300,160), (280,160), (280,140), (300,160), (280,140), (260,160), (240,160), (220,160), (200,180), (220,180), (200,200), (220,220), (240,220), (260,220), (280,240), (300,220), (300,200), (300,180), (300,160), (320,160), (340,180), (320,180), (340,180), (340,200), (360,200), (380,180), (380,160), (360,140), (380,160), (380,140), (400,140), (380,140), (360,140)

// Déplacements de l'unité terrestre 7 sur un horizon temporel (x_7^t, y_7^t) 
(440,600), (460,600), (460,580), (480,560), (480,580), (460,580), (440,560), (460,580), (440,600), (460,600), (480,580), (460,560), (440,540), (460,540), (440,560), (420,580), (420,600), (440,580), (460,560), (460,580), (440,600), (440,620), (420,640), (420,620), (400,600), (380,580), (360,580), (380,580), (400,580), (420,560), (400,560), (420,560), (440,580), (420,560), (420,580), (440,600), (460,620), (440,600), (420,600), (400,600), (420,600), (440,600), (440,620), (420,620), (440,620), (460,640), (460,620), (480,640), (500,620), (500,640), (500,620), (520,620), (540,620), (560,600), (540,620), (560,600), (560,580), (560,600), (580,580), (560,560), (580,560), (580,540), (580,560), (600,560), (620,560), (600,560), (600,580), (580,600), (600,580), (600,560), (580,560), (600,560), (580,540), (560,560), (580,540), (560,540), (560,560), (540,580), (560,600), (560,580), (580,560), (560,580), (540,600), (520,580), (520,600), (520,580), (500,560), (520,580), (540,600), (560,580), (580,600), (560,620), (560,640), (540,660), (520,640), (520,620), (540,640), (520,620), (500,640), (480,660)

// Déplacements de l'unité terrestre 8 sur un horizon temporel (x_8^t, y_8^t) 
(860,420), (860,400), (860,380), (860,400), (840,400), (820,400), (820,420), (800,440), (800,420), (780,400), (800,380), (780,400), (780,380), (800,360), (820,360), (840,380), (820,400), (800,380), (780,380), (760,360), (740,360), (720,340), (700,340), (700,360), (680,380), (680,360), (660,360), (680,360), (660,360), (680,360), (660,360), (680,380), (660,400), (660,420), (680,420), (660,420), (640,420), (620,440), (640,420), (660,400), (660,380), (660,360), (640,340), (620,320), (640,320), (640,340), (640,320), (660,320), (640,300), (660,300), (640,300), (660,320), (680,300), (660,320), (660,340), (680,360), (680,380), (700,360), (680,380), (660,400), (640,380), (640,400), (660,420), (640,400), (620,400), (620,420), (640,420), (620,420), (620,440), (640,440), (660,460), (660,440), (680,460), (700,460), (720,440), (740,440), (760,420), (780,400), (800,420), (780,400), (760,420), (760,400), (760,420), (780,440), (760,460), (740,460), (720,480), (740,500), (720,520), (740,500), (720,500), (740,500), (760,500), (780,480), (800,480), (780,460), (760,440), (760,420), (760,440), (760,460)

// Déplacements de l'unité terrestre 9 sur un horizon temporel (x_9^t, y_9^t) 
(560,580), (540,580), (560,560), (580,580), (600,560), (600,580), (620,580), (600,560), (600,540), (580,540), (580,560), (600,540), (600,520), (580,540), (600,540), (580,520), (600,540), (620,540), (600,560), (580,580), (580,560), (560,540), (560,520), (540,540), (520,520), (500,520), (520,540), (540,560), (520,560), (500,540), (520,520), (520,500), (540,500), (540,480), (560,480), (560,500), (540,480), (520,480), (520,460), (520,440), (500,460), (500,440), (480,420), (460,440), (480,440), (460,440), (440,420), (440,440), (440,420), (460,440), (440,440), (460,420), (440,400), (460,420), (440,420), (420,400), (440,420), (460,420), (460,440), (480,460), (480,480), (500,500), (480,480), (460,500), (440,480), (420,480), (400,460), (420,480), (440,460), (440,480), (440,500), (440,520), (420,540), (440,520), (460,520), (480,540), (480,560), (460,580), (460,600), (460,580), (440,600), (460,620), (460,600), (480,620), (460,600), (460,580), (440,600), (460,600), (480,600), (500,580), (500,600), (480,580), (480,560), (500,560), (520,580), (540,600), (540,620), (520,600), (500,580), (520,580)

// Déplacements de l'unité terrestre 10 sur un horizon temporel (x_10^t, y_10^t) 
(440,520), (440,540), (440,520), (420,500), (440,480), (440,500), (440,480), (460,480), (460,500), (460,520), (480,520), (460,520), (480,540), (460,540), (460,560), (480,580), (500,580), (520,580), (540,560), (560,580), (560,560), (540,540), (560,520), (540,540), (520,560), (520,580), (500,580), (480,600), (460,580), (440,600), (420,580), (420,600), (440,620), (460,620), (440,600), (460,580), (440,600), (460,620), (440,600), (440,620), (460,600), (440,620), (460,640), (480,660), (500,640), (500,660), (480,660), (460,640), (480,620), (500,640), (520,660), (540,660), (560,640), (540,640), (560,620), (560,640), (540,660), (520,640), (540,640), (560,620), (580,600), (560,580), (580,580), (560,580), (540,580), (560,600), (580,620), (600,600), (580,580), (600,600), (580,580), (580,600), (580,620), (560,600), (580,580), (560,560), (560,540), (580,520), (560,540), (540,540), (560,540), (580,520), (560,500), (580,520), (560,540), (540,520), (540,540), (560,560), (560,540), (580,520), (580,540), (580,560), (560,580), (580,580), (600,560), (620,560), (640,560), (660,540), (640,520), (660,520)

