// Déplacements de l'unité terrestre 1 sur un horizon temporel (x_1^t, y_1^t) 
(840,640), (840,620), (840,640), (820,620), (840,600), (820,620), (800,640), (820,640), (840,660), (840,680), (860,680), (860,700), (860,680), (880,700), (900,700), (920,720), (940,740), (960,740), (960,720), (980,700), (960,680), (960,700), (940,720), (920,740), (940,740), (920,740), (940,740), (920,720), (920,700), (900,700), (880,720), (880,700), (880,720), (900,700), (920,700), (900,680), (900,660), (920,660), (920,680), (920,700), (920,720), (900,720), (920,720), (920,700), (900,720), (900,700), (880,680), (860,680), (880,680), (880,700), (900,680), (880,660), (900,660), (920,680), (940,700), (920,680), (940,680), (920,680), (900,700), (880,700), (860,700), (880,680), (900,700), (880,720), (900,720), (900,740), (900,760), (900,780), (880,780), (880,800), (860,800), (880,800), (900,820), (920,800), (900,780), (920,760), (940,780), (960,780), (980,780), (980,800), (960,820), (940,800), (920,800), (940,820), (960,840), (960,820), (940,820), (960,840), (960,860), (940,880), (920,900), (900,900), (880,900), (880,880), (880,900), (860,900), (840,900), (860,900), (860,880), (840,880)

// Déplacements de l'unité terrestre 2 sur un horizon temporel (x_2^t, y_2^t) 
(620,60), (600,80), (620,60), (600,40), (580,40), (560,40), (560,60), (540,80), (560,60), (580,40), (600,40), (580,20), (580,40), (560,40), (580,40), (580,60), (580,40), (560,60), (560,80), (540,100), (540,120), (540,100), (560,120), (560,140), (560,120), (580,100), (560,120), (560,100), (580,80), (600,100), (620,100), (620,80), (640,100), (660,100), (640,80), (620,80), (600,60), (620,60), (600,40), (620,60), (600,60), (620,40), (640,20), (620,20), (640,20), (660,40), (660,60), (640,80), (660,100), (680,120), (660,120), (680,100), (680,120), (700,100), (720,120), (720,140), (700,120), (680,100), (700,120), (680,100), (680,120), (660,120), (660,100), (680,80), (660,60), (660,40), (660,60), (640,60), (660,40), (660,20), (640,40), (640,20), (620,40), (600,60), (620,60), (620,40), (600,20), (620,20), (600,20), (600,40), (580,40), (580,20), (580,40), (600,60), (600,80), (600,60), (620,80), (600,100), (620,100), (600,120), (620,100), (640,100), (620,120), (640,120), (660,120), (680,140), (660,160), (680,140), (660,120), (640,120)

// Déplacements de l'unité terrestre 3 sur un horizon temporel (x_3^t, y_3^t) 
(820,660), (820,640), (800,640), (820,640), (840,640), (860,640), (880,620), (900,640), (920,660), (900,640), (920,620), (940,600), (920,620), (920,600), (920,620), (940,600), (960,620), (980,620), (960,620), (960,640), (940,620), (940,640), (940,660), (920,680), (900,680), (920,660), (900,680), (920,680), (900,680), (920,680), (900,700), (880,700), (900,720), (920,720), (940,740), (940,720), (920,700), (940,700), (940,720), (920,700), (900,680), (920,680), (940,680), (920,700), (900,720), (920,740), (940,760), (920,780), (900,760), (880,740), (860,740), (840,760), (860,740), (860,760), (840,780), (840,760), (820,780), (840,800), (820,820), (840,800), (860,780), (880,760), (860,780), (840,760), (840,740), (820,740), (820,760), (840,780), (820,760), (840,780), (860,800), (840,800), (840,780), (840,800), (860,820), (880,800), (860,820), (840,820), (860,840), (880,840), (860,820), (840,820), (820,820), (800,820), (800,800), (820,780), (820,760), (800,760), (820,780), (820,760), (800,740), (800,720), (780,700), (780,680), (800,660), (800,640), (780,620), (760,620), (740,620), (760,640)

// Déplacements de l'unité terrestre 4 sur un horizon temporel (x_4^t, y_4^t) 
(840,140), (840,160), (820,180), (800,200), (820,180), (800,200), (820,180), (840,200), (860,200), (860,180), (880,160), (860,160), (880,160), (880,140), (880,160), (880,180), (860,160), (880,180), (900,200), (920,180), (900,160), (920,180), (940,200), (960,180), (960,160), (940,140), (960,140), (940,120), (960,100), (980,80), (980,60), (960,60), (940,40), (940,20), (940,40), (920,60), (900,80), (900,100), (900,80), (880,60), (880,40), (860,60), (840,80), (860,100), (840,80), (820,60), (840,60), (820,60), (840,80), (840,100), (840,120), (820,100), (840,80), (820,80), (800,80), (820,80), (840,80), (820,80), (800,80), (780,80), (760,60), (780,60), (780,80), (800,60), (780,80), (760,100), (760,80), (740,60), (760,80), (740,100), (760,120), (780,140), (760,120), (740,140), (760,140), (780,160), (760,160), (740,160), (720,180), (740,200), (720,200), (740,180), (740,160), (720,160), (740,180), (760,160), (760,180), (780,180), (760,200), (780,200), (800,200), (820,220), (840,200), (860,180), (840,180), (860,200), (880,180), (900,180), (920,200), (900,220)

// Déplacements de l'unité terrestre 5 sur un horizon temporel (x_5^t, y_5^t) 
(880,160), (860,140), (840,120), (820,140), (840,140), (860,140), (880,120), (900,100), (880,120), (900,120), (900,140), (880,120), (880,140), (900,120), (920,100), (920,80), (900,80), (880,60), (900,40), (880,40), (900,60), (920,80), (900,60), (880,60), (900,80), (880,100), (880,120), (860,100), (840,120), (860,120), (840,140), (860,120), (860,100), (880,80), (860,80), (840,80), (820,80), (800,80), (800,100), (820,80), (840,80), (860,100), (840,120), (860,120), (860,100), (860,120), (840,120), (840,100), (860,120), (840,140), (820,140), (800,140), (800,160), (780,180), (760,160), (780,140), (800,120), (800,100), (800,120), (820,140), (820,160), (840,140), (860,120), (840,100), (840,120), (860,120), (860,100), (880,80), (900,100), (920,100), (920,120), (940,100), (960,100), (960,120), (940,140), (960,120), (980,100), (960,100), (960,80), (960,100), (940,100), (960,80), (960,100), (960,80), (960,60), (960,80), (960,100), (940,80), (960,80), (940,80), (960,80), (940,80), (960,80), (960,100), (960,80), (980,100), (960,120), (980,140), (960,160), (940,140)

// Déplacements de l'unité terrestre 6 sur un horizon temporel (x_6^t, y_6^t) 
(740,620), (720,640), (740,640), (720,660), (740,680), (720,680), (720,660), (720,640), (700,620), (700,640), (680,640), (660,620), (640,620), (660,620), (660,600), (680,620), (660,620), (640,620), (640,600), (620,580), (640,600), (640,620), (660,640), (640,660), (660,680), (680,700), (660,700), (680,720), (660,740), (640,760), (660,780), (680,760), (680,740), (700,760), (720,740), (740,720), (740,740), (720,720), (740,740), (740,760), (720,760), (700,760), (720,780), (720,760), (720,780), (700,780), (680,800), (700,780), (720,800), (740,780), (720,780), (740,800), (720,800), (700,800), (680,820), (680,800), (700,820), (680,840), (660,840), (640,820), (640,840), (640,820), (620,820), (640,820), (620,840), (620,820), (640,840), (640,860), (660,860), (660,880), (640,860), (620,860), (600,860), (580,840), (580,860), (600,860), (580,880), (580,860), (600,880), (600,860), (620,840), (600,860), (600,840), (580,860), (560,880), (580,880), (600,900), (620,920), (600,900), (620,920), (640,940), (620,940), (640,940), (640,960), (640,980), (660,960), (640,980), (660,960), (640,940), (660,920)

// Déplacements de l'unité terrestre 7 sur un horizon temporel (x_7^t, y_7^t) 
(300,260), (320,240), (320,260), (320,280), (300,280), (280,260), (260,240), (240,240), (240,260), (220,240), (240,240), (220,260), (200,240), (180,260), (160,240), (140,220), (120,220), (120,200), (120,220), (100,240), (80,240), (80,260), (60,280), (60,260), (60,240), (40,240), (40,260), (40,240), (20,220), (40,240), (20,220), (20,200), (40,180), (40,160), (60,180), (40,160), (60,160), (60,140), (40,120), (60,140), (40,120), (60,120), (40,140), (20,160), (40,140), (40,160), (60,160), (60,140), (60,120), (80,100), (60,120), (40,120), (20,100), (20,120), (40,120), (40,100), (60,120), (80,120), (80,140), (60,120), (60,140), (40,120), (20,100), (20,120), (40,100), (20,100), (40,80), (20,80), (40,100), (40,120), (40,140), (60,120), (80,140), (80,120), (80,100), (60,100), (80,100), (100,120), (80,100), (100,80), (120,60), (100,80), (80,80), (60,80), (40,100), (60,80), (60,60), (60,80), (80,80), (60,80), (80,80), (100,80), (80,100), (80,80), (80,60), (100,60), (120,80), (120,100), (100,100), (80,80)

// Déplacements de l'unité terrestre 8 sur un horizon temporel (x_8^t, y_8^t) 
(400,440), (420,420), (440,440), (460,460), (480,480), (460,460), (460,480), (440,460), (420,480), (440,480), (420,480), (400,480), (380,480), (380,500), (360,500), (340,480), (360,480), (360,500), (360,520), (360,540), (360,560), (340,560), (320,540), (320,560), (300,560), (320,540), (340,560), (340,540), (320,560), (340,540), (360,560), (380,540), (360,560), (340,540), (360,560), (380,540), (380,520), (360,540), (340,560), (320,560), (320,580), (340,560), (320,580), (300,600), (280,600), (280,620), (300,600), (320,580), (300,580), (300,600), (280,580), (260,560), (240,580), (260,600), (240,580), (220,600), (240,600), (220,620), (200,600), (180,580), (200,560), (220,580), (200,580), (180,560), (160,540), (180,560), (200,560), (180,560), (160,540), (140,520), (160,500), (160,480), (160,500), (140,480), (120,500), (140,520), (120,520), (100,540), (80,540), (100,540), (80,560), (60,580), (40,560), (20,560), (20,540), (20,520), (20,540), (40,560), (60,560), (80,540), (60,560), (80,580), (80,560), (60,580), (40,600), (20,600), (40,580), (20,600), (20,580), (40,560)

// Déplacements de l'unité terrestre 9 sur un horizon temporel (x_9^t, y_9^t) 
(780,700), (800,720), (800,700), (800,680), (820,660), (840,640), (820,660), (840,640), (860,660), (840,660), (820,660), (800,680), (820,700), (820,720), (800,740), (800,720), (800,740), (780,740), (760,720), (740,740), (720,760), (720,780), (720,760), (740,780), (760,760), (780,740), (800,740), (780,760), (800,760), (780,740), (760,740), (740,740), (760,760), (740,780), (760,800), (760,780), (760,800), (740,800), (760,780), (740,760), (760,760), (760,780), (740,780), (760,800), (740,820), (720,820), (740,840), (720,840), (720,820), (700,840), (700,820), (720,820), (700,820), (720,800), (720,820), (720,800), (700,800), (720,800), (720,780), (700,780), (700,760), (680,780), (700,780), (720,760), (700,780), (720,760), (720,780), (700,800), (700,780), (700,760), (700,740), (700,760), (700,780), (720,780), (740,800), (720,800), (700,780), (720,760), (740,760), (760,760), (760,780), (780,780), (780,800), (760,780), (780,780), (780,760), (800,780), (820,760), (800,780), (820,780), (840,800), (860,780), (880,760), (880,780), (860,780), (880,760), (860,740), (860,760), (880,760), (900,740)

// Déplacements de l'unité terrestre 10 sur un horizon temporel (x_10^t, y_10^t) 
(60,840), (80,840), (60,820), (40,800), (60,780), (80,780), (80,800), (60,800), (40,800), (20,800), (20,820), (40,820), (60,800), (80,780), (80,800), (100,780), (120,800), (100,820), (120,800), (140,800), (160,820), (180,820), (180,800), (160,800), (160,780), (180,800), (200,820), (200,800), (180,820), (160,840), (180,860), (200,860), (180,880), (180,900), (160,920), (140,920), (120,940), (140,920), (140,940), (140,920), (160,940), (180,940), (160,940), (180,920), (200,920), (200,940), (180,920), (160,920), (160,900), (140,900), (140,880), (160,860), (160,840), (140,820), (120,820), (100,800), (100,820), (120,800), (120,780), (140,760), (160,760), (140,780), (140,760), (160,780), (160,800), (140,800), (140,780), (160,760), (160,780), (140,760), (120,740), (120,760), (100,740), (120,740), (140,720), (140,740), (160,720), (160,740), (180,720), (180,740), (160,720), (180,700), (200,720), (180,700), (180,720), (180,700), (180,680), (200,680), (180,700), (160,720), (180,740), (160,760), (140,780), (120,800), (120,780), (100,800), (80,780), (60,760), (40,780), (60,800)

