// Déplacements de l'unité terrestre 1 sur un horizon temporel (x_1^t, y_1^t) 
(600,240), (620,260), (620,280), (620,300), (640,280), (620,260), (640,280), (660,300), (680,280), (700,280), (680,300), (660,320), (680,340), (700,320), (680,300), (680,280), (700,280), (680,260), (700,260), (700,240), (680,240), (680,260), (700,260), (700,280), (700,300), (680,320), (700,320), (700,300), (720,320), (740,300), (740,320), (720,340), (700,360), (720,380), (700,380), (700,400), (720,420), (740,440), (720,440), (720,460), (720,480), (700,460), (700,480), (700,500), (680,520), (660,520), (660,500), (640,500), (640,520), (660,500), (680,480), (680,500), (660,480), (660,460), (660,440), (640,440), (620,420), (600,440), (620,460), (600,460), (580,480), (600,480), (620,500), (600,500), (620,500), (620,520), (600,540), (620,520), (640,540), (620,520), (640,540), (620,540), (600,560), (600,580), (580,600), (560,620), (580,640), (560,620), (540,620), (520,620), (540,600), (560,580), (580,580), (600,600), (620,600), (600,580), (600,560), (580,580), (560,580), (580,600), (560,600), (540,600), (540,580), (560,580), (540,600), (520,620), (540,620), (540,600), (540,620), (540,640)

// Déplacements de l'unité terrestre 2 sur un horizon temporel (x_2^t, y_2^t) 
(80,60), (60,80), (60,60), (80,60), (100,40), (120,40), (100,60), (100,80), (120,60), (100,60), (80,80), (60,80), (40,80), (20,60), (20,40), (40,40), (60,40), (80,40), (100,20), (80,20), (100,20), (120,40), (140,40), (120,40), (120,20), (140,40), (160,20), (180,20), (160,20), (140,40), (160,40), (180,20), (200,20), (200,40), (220,20), (240,20), (240,40), (260,40), (240,20), (240,40), (220,40), (220,20), (220,40), (200,60), (220,60), (240,80), (260,100), (280,120), (260,100), (280,120), (260,120), (260,100), (240,120), (260,120), (240,140), (220,140), (200,120), (220,140), (240,140), (220,120), (200,100), (200,80), (200,60), (220,40), (240,20), (260,20), (280,40), (300,40), (320,20), (340,20), (320,20), (340,40), (360,20), (380,40), (360,40), (340,40), (340,60), (360,80), (360,100), (380,80), (400,100), (420,120), (420,100), (420,80), (420,100), (400,100), (400,120), (400,100), (420,100), (420,80), (400,60), (380,40), (360,20), (380,20), (380,40), (400,20), (420,40), (420,20), (400,40), (380,60)

// Déplacements de l'unité terrestre 3 sur un horizon temporel (x_3^t, y_3^t) 
(260,660), (280,680), (300,680), (320,680), (300,700), (280,680), (260,680), (240,660), (260,660), (280,660), (260,660), (240,660), (240,680), (220,700), (220,680), (200,680), (200,660), (180,640), (180,660), (200,640), (200,620), (180,600), (160,600), (160,620), (140,600), (120,600), (120,580), (140,560), (120,540), (120,520), (140,540), (140,520), (120,520), (100,500), (120,520), (100,500), (80,500), (100,520), (80,540), (100,520), (80,540), (60,540), (80,540), (100,520), (80,540), (80,560), (60,540), (80,540), (60,540), (40,560), (20,560), (40,580), (40,600), (20,580), (40,580), (40,560), (40,540), (60,540), (40,520), (40,500), (20,480), (20,500), (40,500), (60,520), (40,500), (60,500), (80,520), (80,500), (80,480), (80,460), (80,480), (60,480), (60,460), (60,480), (60,460), (60,440), (80,440), (60,460), (80,440), (100,420), (80,400), (60,420), (80,440), (80,460), (100,440), (100,460), (80,460), (100,480), (80,460), (80,480), (100,500), (120,520), (140,500), (140,520), (160,520), (180,500), (180,520), (200,500), (180,480), (160,480)

// Déplacements de l'unité terrestre 4 sur un horizon temporel (x_4^t, y_4^t) 
(280,720), (300,740), (320,760), (320,740), (320,720), (320,740), (300,720), (280,740), (260,740), (280,760), (260,760), (260,740), (240,740), (240,720), (260,740), (280,760), (260,740), (260,720), (260,700), (240,700), (260,720), (240,720), (220,720), (200,740), (220,740), (240,740), (240,760), (260,780), (240,800), (220,780), (240,780), (260,780), (260,800), (280,780), (300,780), (300,760), (280,740), (300,720), (280,740), (300,720), (320,720), (320,700), (320,720), (340,700), (340,720), (320,740), (340,740), (320,720), (300,740), (320,740), (340,740), (320,760), (340,740), (320,760), (340,740), (360,740), (380,760), (400,740), (420,740), (440,720), (440,740), (420,720), (420,700), (420,680), (440,700), (460,720), (440,740), (460,720), (460,700), (480,720), (500,720), (500,700), (520,680), (500,680), (520,680), (520,660), (540,660), (560,640), (540,640), (560,620), (560,600), (580,600), (580,620), (600,620), (600,640), (620,620), (620,640), (640,660), (620,640), (600,640), (620,620), (620,640), (600,620), (600,640), (620,640), (640,640), (660,640), (640,620), (620,640), (620,620)

// Déplacements de l'unité terrestre 5 sur un horizon temporel (x_5^t, y_5^t) 
(460,720), (460,700), (480,680), (460,700), (440,680), (420,660), (400,640), (400,620), (380,620), (380,600), (360,620), (360,600), (360,580), (380,560), (400,540), (380,520), (360,500), (380,480), (360,480), (340,460), (320,440), (300,420), (320,400), (320,420), (340,420), (340,440), (360,420), (380,440), (400,460), (420,480), (440,480), (460,480), (440,500), (420,500), (420,480), (400,480), (400,460), (400,440), (380,460), (360,480), (360,500), (340,480), (360,480), (340,500), (320,480), (340,500), (340,520), (360,540), (340,520), (360,540), (360,560), (380,580), (360,600), (380,620), (400,620), (420,600), (420,580), (440,580), (420,560), (420,580), (400,580), (380,580), (360,560), (360,540), (340,560), (320,540), (300,520), (300,540), (300,560), (300,580), (280,560), (300,580), (280,580), (300,560), (320,580), (340,600), (360,620), (360,640), (360,620), (340,640), (360,660), (360,680), (380,680), (360,700), (340,680), (360,660), (340,660), (320,640), (340,620), (320,640), (340,620), (320,640), (340,620), (360,600), (340,620), (320,620), (300,600), (320,600), (300,620), (320,600)

// Déplacements de l'unité terrestre 6 sur un horizon temporel (x_6^t, y_6^t) 
(940,680), (960,680), (980,660), (980,680), (980,660), (980,640), (960,640), (940,620), (920,640), (920,660), (940,640), (940,660), (920,640), (900,660), (900,640), (900,660), (880,680), (900,660), (900,640), (920,660), (920,680), (920,700), (940,700), (960,700), (960,680), (960,700), (960,720), (940,740), (960,740), (940,720), (940,700), (920,680), (920,660), (900,660), (880,660), (900,660), (920,640), (940,620), (960,600), (980,600), (960,620), (960,600), (960,620), (980,600), (960,620), (940,600), (960,600), (940,620), (960,640), (980,640), (960,620), (980,620), (980,600), (960,600), (960,620), (940,600), (960,600), (980,620), (960,640), (960,660), (940,640), (940,620), (920,600), (900,600), (920,620), (900,640), (920,640), (900,640), (880,660), (860,660), (880,660), (860,660), (860,640), (880,620), (900,600), (880,580), (880,560), (900,560), (900,580), (880,580), (880,560), (880,540), (900,520), (880,540), (900,540), (920,540), (920,520), (900,520), (920,500), (940,520), (920,520), (920,500), (920,480), (900,460), (880,440), (860,460), (880,440), (880,460), (900,460), (900,480)

// Déplacements de l'unité terrestre 7 sur un horizon temporel (x_7^t, y_7^t) 
(960,640), (980,640), (960,640), (960,660), (960,640), (940,640), (940,660), (920,660), (900,660), (920,640), (940,660), (960,640), (940,640), (940,620), (920,600), (940,600), (920,580), (940,580), (940,600), (920,620), (920,600), (900,620), (920,600), (900,580), (880,560), (900,560), (900,580), (920,580), (940,580), (920,580), (900,600), (920,620), (900,600), (880,620), (900,640), (880,640), (860,620), (860,640), (880,640), (900,620), (920,640), (920,620), (940,640), (920,620), (900,620), (880,620), (880,640), (900,660), (880,680), (900,680), (880,680), (900,660), (900,680), (900,700), (920,700), (900,720), (880,720), (900,740), (920,720), (900,700), (900,720), (880,720), (860,740), (880,740), (900,760), (880,780), (900,800), (920,820), (920,840), (920,860), (900,880), (880,880), (860,860), (840,860), (820,840), (840,820), (860,820), (880,800), (880,780), (860,780), (860,760), (860,780), (840,800), (820,780), (840,780), (840,800), (860,780), (880,780), (900,780), (880,780), (900,760), (900,740), (880,720), (860,720), (860,700), (840,680), (840,660), (820,640), (840,620), (860,600)

// Déplacements de l'unité terrestre 8 sur un horizon temporel (x_8^t, y_8^t) 
(840,460), (820,440), (820,460), (800,460), (820,460), (840,480), (840,460), (860,460), (860,440), (880,420), (860,440), (840,420), (840,440), (860,460), (880,480), (880,460), (860,480), (860,460), (840,480), (860,480), (860,500), (840,520), (860,520), (880,540), (860,560), (880,580), (900,600), (920,620), (900,600), (880,600), (900,580), (900,560), (920,560), (900,540), (900,520), (900,500), (920,520), (900,520), (920,520), (920,540), (900,560), (920,580), (900,580), (920,560), (940,560), (960,540), (940,560), (920,560), (940,560), (960,540), (960,520), (960,500), (940,480), (960,500), (940,520), (920,500), (920,480), (900,460), (920,460), (940,460), (920,480), (940,460), (940,480), (920,480), (900,460), (880,440), (880,420), (860,440), (840,460), (820,440), (800,440), (820,460), (820,480), (800,500), (820,500), (840,480), (820,480), (840,500), (820,520), (820,540), (840,540), (840,520), (820,540), (840,560), (860,560), (880,560), (880,540), (900,520), (900,540), (880,540), (860,520), (880,520), (900,520), (900,500), (880,480), (880,460), (900,460), (880,460), (900,460), (920,440)

// Déplacements de l'unité terrestre 9 sur un horizon temporel (x_9^t, y_9^t) 
(980,40), (960,60), (960,40), (940,60), (940,80), (920,80), (900,100), (920,120), (900,120), (900,140), (920,160), (940,180), (940,200), (960,220), (980,240), (980,260), (980,280), (960,280), (980,280), (980,300), (960,320), (940,340), (960,360), (960,340), (980,320), (980,340), (980,360), (960,380), (980,360), (980,380), (960,380), (980,380), (980,400), (960,420), (940,420), (920,440), (940,420), (940,400), (920,380), (900,360), (900,340), (880,340), (880,360), (880,380), (900,400), (920,420), (940,440), (960,420), (940,440), (960,460), (940,440), (920,420), (900,400), (880,420), (880,400), (900,380), (900,400), (880,380), (860,380), (880,380), (860,360), (860,340), (840,340), (860,340), (880,320), (900,340), (920,360), (920,340), (940,360), (940,380), (920,360), (920,340), (900,340), (880,360), (900,360), (920,380), (900,400), (920,400), (900,380), (900,360), (900,380), (920,360), (940,340), (920,340), (900,340), (880,340), (860,360), (840,380), (820,380), (800,360), (800,340), (820,360), (800,340), (780,360), (760,360), (740,360), (760,360), (740,340), (760,340), (760,320)

// Déplacements de l'unité terrestre 10 sur un horizon temporel (x_10^t, y_10^t) 
(740,600), (760,600), (760,620), (780,620), (760,640), (740,640), (720,660), (720,640), (700,660), (700,680), (680,680), (680,700), (680,720), (700,720), (720,700), (700,720), (680,740), (680,720), (700,720), (680,720), (700,720), (720,700), (740,680), (720,700), (740,680), (760,700), (740,680), (760,700), (740,720), (760,720), (760,740), (780,720), (800,740), (780,760), (800,760), (780,740), (780,760), (780,740), (760,760), (740,780), (760,760), (780,780), (760,780), (780,760), (800,760), (800,740), (780,760), (780,780), (760,760), (740,740), (760,760), (780,740), (760,740), (760,760), (780,740), (760,740), (740,760), (760,760), (780,760), (800,780), (820,780), (840,780), (860,800), (840,800), (820,780), (840,800), (860,780), (880,760), (900,780), (920,760), (920,740), (940,740), (920,720), (900,740), (900,720), (920,700), (940,680), (920,680), (940,680), (940,700), (920,680), (900,660), (880,660), (900,640), (880,640), (860,640), (880,640), (860,640), (880,620), (900,620), (880,620), (860,640), (840,620), (840,640), (820,620), (840,620), (860,600), (840,600), (840,580), (840,560)

