// Déplacements de l'unité terrestre 1 sur un horizon temporel (x_1^t, y_1^t) 
(100,160), (100,180), (80,200), (80,220), (80,240), (60,240), (80,240), (60,240), (60,260), (40,280), (40,260), (60,260), (80,240), (80,260), (100,240), (100,220), (80,220), (80,240), (100,260), (100,240), (120,220), (100,220), (80,220), (80,200), (60,220), (80,240), (100,220), (80,200), (100,220), (80,240), (100,260), (80,280), (60,280), (80,300), (80,280), (60,280), (80,300), (100,300), (80,280), (60,280), (60,260), (40,280), (20,280), (40,280), (20,260), (20,280), (40,300), (60,280), (40,300), (20,320), (40,300), (40,320), (40,340), (60,320), (40,340), (40,320), (20,340), (20,360), (20,340), (40,320), (60,340), (80,360), (80,380), (80,400), (80,380), (100,360), (80,380), (60,400), (80,400), (80,420), (100,420), (80,440), (60,420), (60,400), (40,420), (40,400), (60,380), (80,380), (80,400), (80,420), (60,400), (80,400), (100,400), (120,420), (120,440), (100,460), (100,440), (120,420), (100,420), (80,440), (100,440), (120,460), (100,460), (100,440), (80,460), (100,460), (80,440), (100,460), (100,440), (80,440)

// Déplacements de l'unité terrestre 2 sur un horizon temporel (x_2^t, y_2^t) 
(400,280), (400,260), (420,240), (400,220), (380,220), (360,240), (380,240), (360,260), (360,240), (360,220), (360,240), (340,240), (320,220), (300,240), (280,220), (300,200), (300,220), (320,240), (320,260), (300,240), (320,220), (340,200), (340,180), (340,160), (320,140), (340,120), (360,120), (380,140), (360,140), (380,160), (380,180), (360,200), (380,220), (360,240), (380,260), (400,280), (420,300), (400,320), (380,300), (360,280), (360,260), (340,260), (360,240), (360,220), (340,220), (320,240), (340,260), (320,280), (340,260), (320,260), (340,280), (320,260), (340,240), (360,260), (340,260), (320,240), (300,260), (280,240), (260,220), (280,220), (280,200), (280,220), (300,240), (280,260), (300,280), (320,260), (340,260), (320,280), (300,300), (320,320), (300,340), (300,360), (280,380), (260,360), (260,380), (260,360), (260,380), (240,380), (220,380), (220,400), (200,400), (220,380), (200,360), (220,360), (240,340), (260,340), (240,340), (260,360), (260,340), (240,340), (240,360), (240,380), (260,360), (240,360), (260,360), (280,380), (280,400), (260,400), (240,400), (260,420)

// Déplacements de l'unité terrestre 3 sur un horizon temporel (x_3^t, y_3^t) 
(340,260), (320,260), (320,240), (320,220), (300,220), (320,240), (320,260), (340,260), (320,260), (340,240), (340,260), (320,280), (300,280), (300,260), (280,260), (260,280), (260,260), (280,280), (280,260), (280,240), (260,240), (240,260), (240,240), (240,260), (260,240), (280,240), (280,260), (300,260), (280,260), (260,240), (280,220), (260,200), (280,220), (300,200), (320,220), (320,200), (320,220), (300,200), (280,180), (280,160), (260,140), (240,160), (220,140), (200,160), (220,160), (240,160), (240,180), (220,160), (240,140), (220,160), (200,160), (200,140), (200,120), (220,120), (200,120), (220,100), (200,120), (200,100), (200,120), (180,100), (160,100), (160,120), (140,100), (140,80), (160,60), (180,40), (160,20), (140,40), (120,40), (120,20), (100,20), (80,20), (100,40), (80,20), (100,20), (120,20), (100,40), (120,20), (120,40), (140,20), (140,40), (160,60), (180,80), (160,60), (180,60), (180,80), (160,100), (140,120), (140,140), (120,160), (120,180), (100,200), (80,220), (100,220), (120,240), (120,260), (100,260), (120,240), (100,220), (120,240)

// Déplacements de l'unité terrestre 4 sur un horizon temporel (x_4^t, y_4^t) 
(820,760), (800,740), (820,720), (840,720), (820,700), (840,700), (820,680), (800,680), (780,700), (760,680), (740,660), (760,640), (780,660), (800,640), (820,640), (800,660), (780,640), (800,620), (820,600), (840,620), (840,600), (840,580), (840,560), (820,540), (820,520), (840,500), (860,480), (840,500), (860,500), (880,500), (880,520), (880,540), (860,560), (880,540), (860,560), (880,540), (860,520), (860,540), (880,560), (860,580), (840,580), (840,560), (860,580), (860,600), (880,600), (880,620), (880,640), (860,660), (860,680), (880,700), (900,680), (920,660), (920,680), (900,700), (900,720), (880,700), (860,680), (840,660), (860,660), (880,660), (860,640), (840,660), (840,640), (840,620), (840,640), (820,640), (800,640), (800,620), (800,600), (820,600), (800,620), (820,620), (820,600), (840,620), (840,640), (860,620), (880,640), (860,640), (840,640), (820,620), (820,640), (840,660), (820,640), (800,660), (800,640), (780,640), (780,660), (760,640), (760,660), (740,640), (720,640), (700,620), (700,640), (680,640), (660,620), (660,640), (680,660), (700,660), (720,640), (720,620)

// Déplacements de l'unité terrestre 5 sur un horizon temporel (x_5^t, y_5^t) 
(920,940), (900,960), (900,940), (900,920), (880,900), (860,920), (840,900), (860,920), (840,940), (820,920), (820,940), (840,920), (840,900), (840,880), (820,860), (800,840), (800,820), (800,800), (820,800), (800,800), (800,820), (780,800), (760,800), (780,820), (760,820), (740,840), (720,860), (740,860), (740,880), (760,900), (780,900), (760,880), (760,860), (780,880), (800,880), (820,860), (800,860), (800,880), (820,880), (800,860), (800,880), (780,880), (760,880), (760,860), (760,880), (740,900), (720,900), (700,900), (680,920), (700,920), (680,920), (660,900), (680,900), (680,880), (680,860), (700,840), (720,860), (740,860), (760,840), (740,860), (760,880), (780,880), (780,860), (780,840), (800,820), (780,840), (760,860), (740,860), (740,840), (760,840), (740,820), (740,800), (740,780), (760,760), (740,740), (740,720), (760,720), (760,740), (760,720), (740,720), (740,740), (720,760), (740,760), (760,760), (740,740), (760,760), (740,780), (740,800), (720,780), (740,800), (720,780), (740,780), (760,780), (780,760), (800,780), (780,780), (780,760), (760,760), (740,780), (740,800)

// Déplacements de l'unité terrestre 6 sur un horizon temporel (x_6^t, y_6^t) 
(900,220), (920,200), (920,180), (940,160), (920,140), (900,160), (900,180), (920,200), (920,180), (920,160), (900,140), (920,160), (940,160), (960,140), (980,160), (960,160), (980,160), (980,140), (960,160), (980,180), (980,160), (980,140), (980,160), (960,180), (980,180), (980,160), (980,180), (960,200), (940,220), (960,200), (960,220), (960,240), (980,240), (960,260), (980,280), (960,260), (980,280), (960,260), (940,280), (920,280), (940,280), (960,280), (960,260), (960,240), (980,260), (960,280), (980,260), (960,240), (940,240), (920,220), (920,200), (920,220), (940,220), (960,240), (980,260), (960,260), (940,260), (920,260), (900,240), (880,240), (860,240), (880,260), (860,240), (880,240), (900,240), (920,220), (940,200), (940,180), (940,160), (960,140), (940,140), (960,140), (940,160), (940,180), (920,180), (940,200), (960,180), (960,160), (960,180), (960,160), (980,180), (960,180), (960,160), (960,180), (980,200), (960,180), (960,200), (960,180), (940,200), (940,180), (940,160), (960,160), (980,180), (960,200), (960,180), (940,180), (960,160), (960,140), (980,140), (980,120)

// Déplacements de l'unité terrestre 7 sur un horizon temporel (x_7^t, y_7^t) 
(280,740), (260,760), (240,780), (260,780), (260,760), (280,780), (280,800), (260,800), (260,820), (280,820), (300,820), (320,820), (300,840), (320,860), (300,860), (280,840), (300,860), (300,840), (300,860), (280,840), (260,840), (280,820), (300,840), (320,820), (340,800), (320,820), (300,840), (320,840), (320,860), (340,880), (340,860), (320,880), (300,860), (300,840), (300,860), (320,840), (320,820), (320,800), (300,780), (320,760), (300,780), (280,760), (280,740), (300,760), (280,760), (300,760), (320,760), (340,760), (360,760), (380,780), (360,800), (360,780), (340,800), (340,820), (320,820), (340,820), (360,840), (360,820), (340,840), (320,860), (320,880), (320,860), (340,860), (320,860), (320,880), (340,860), (360,880), (360,900), (360,920), (360,940), (340,940), (340,920), (360,920), (360,940), (360,920), (360,940), (340,940), (360,920), (380,900), (380,920), (380,940), (380,920), (380,900), (360,920), (360,940), (340,940), (320,940), (340,960), (360,980), (340,960), (340,980), (320,960), (320,980), (340,960), (340,940), (320,940), (340,920), (320,940), (300,940), (280,940)

// Déplacements de l'unité terrestre 8 sur un horizon temporel (x_8^t, y_8^t) 
(240,980), (220,980), (200,980), (180,980), (200,980), (220,960), (240,940), (220,940), (240,960), (260,940), (240,940), (220,920), (240,940), (260,960), (280,940), (300,920), (280,920), (300,920), (320,940), (320,920), (300,940), (320,960), (320,940), (340,940), (340,920), (320,920), (320,940), (300,940), (280,940), (260,960), (240,980), (240,960), (240,980), (260,980), (280,980), (260,960), (240,940), (240,920), (240,940), (240,920), (220,940), (200,920), (220,920), (240,920), (220,900), (240,880), (220,900), (200,880), (200,900), (200,880), (200,860), (200,840), (180,860), (160,840), (140,820), (160,840), (180,860), (160,880), (160,900), (140,900), (160,880), (140,880), (140,900), (160,920), (160,940), (160,920), (180,940), (160,940), (140,920), (120,940), (120,920), (140,940), (120,960), (120,940), (140,960), (140,940), (160,940), (180,960), (200,960), (180,960), (180,980), (160,960), (180,960), (180,940), (200,920), (200,900), (180,920), (200,940), (220,960), (220,940), (240,920), (260,920), (280,920), (280,900), (280,880), (260,860), (280,880), (300,860), (320,860), (300,840)

// Déplacements de l'unité terrestre 9 sur un horizon temporel (x_9^t, y_9^t) 
(460,80), (480,80), (480,100), (460,80), (440,100), (420,100), (420,120), (420,100), (420,120), (400,140), (380,120), (400,100), (420,120), (400,120), (380,100), (380,80), (400,80), (420,100), (440,100), (420,120), (420,140), (440,120), (440,100), (460,100), (480,120), (480,100), (480,80), (460,80), (440,60), (460,80), (440,60), (440,80), (440,60), (460,80), (480,100), (500,80), (520,100), (540,100), (540,120), (540,140), (560,120), (540,100), (520,100), (540,120), (520,120), (500,120), (480,120), (500,140), (520,140), (520,120), (520,100), (540,80), (520,60), (500,80), (480,80), (460,60), (480,40), (480,20), (460,20), (480,20), (480,40), (460,20), (480,40), (460,20), (460,40), (480,60), (460,40), (480,60), (460,40), (480,40), (500,40), (480,20), (500,20), (520,20), (500,40), (520,40), (500,60), (480,40), (500,20), (520,40), (520,20), (500,20), (520,40), (540,20), (560,40), (580,40), (580,60), (580,40), (580,60), (600,80), (600,100), (620,100), (640,80), (660,80), (660,100), (640,120), (660,120), (640,100), (620,120), (620,140)

// Déplacements de l'unité terrestre 10 sur un horizon temporel (x_10^t, y_10^t) 
(640,460), (660,440), (640,440), (620,440), (600,440), (620,460), (620,480), (640,480), (620,500), (640,480), (640,460), (620,440), (600,440), (580,460), (600,460), (580,440), (560,420), (580,400), (560,380), (560,400), (540,400), (540,380), (540,400), (540,380), (560,400), (540,380), (540,400), (560,420), (580,400), (580,380), (600,360), (600,340), (600,320), (620,340), (640,320), (640,340), (660,360), (680,360), (700,380), (700,360), (700,380), (700,360), (720,360), (740,380), (740,360), (760,380), (760,360), (780,360), (760,360), (780,340), (760,340), (780,340), (760,340), (760,360), (780,380), (800,360), (820,360), (820,340), (840,340), (860,320), (840,340), (820,360), (820,340), (800,320), (820,320), (820,300), (820,280), (840,260), (820,260), (820,280), (840,300), (860,300), (860,320), (840,300), (860,300), (840,280), (860,280), (840,260), (860,260), (840,240), (860,220), (840,200), (820,220), (800,240), (780,240), (760,240), (780,240), (760,220), (780,240), (780,260), (760,280), (740,280), (740,300), (760,300), (740,300), (740,280), (740,300), (760,320), (760,300), (780,320)

