// Déplacements de l'unité terrestre 1 sur un horizon temporel (x_1^t, y_1^t) 
(320,400), (340,400), (360,380), (360,360), (340,340), (320,360), (340,360), (340,380), (360,360), (380,340), (400,340), (380,340), (400,340), (400,360), (380,360), (400,340), (420,320), (420,300), (420,280), (440,300), (460,320), (480,320), (460,340), (480,340), (480,320), (480,300), (480,280), (460,300), (440,320), (440,300), (460,280), (480,260), (500,240), (480,220), (500,240), (520,220), (520,200), (540,200), (560,220), (560,200), (540,200), (560,200), (580,200), (600,220), (620,200), (600,220), (600,240), (620,220), (600,200), (620,180), (600,180), (620,160), (620,140), (620,120), (600,120), (580,140), (600,160), (580,160), (560,140), (580,140), (580,120), (560,120), (540,120), (520,100), (540,120), (540,100), (520,80), (500,100), (500,120), (500,100), (500,120), (520,100), (520,120), (500,100), (480,120), (480,100), (460,80), (480,80), (460,100), (460,120), (480,120), (460,100), (440,80), (460,60), (440,80), (440,100), (460,120), (440,100), (440,80), (440,100), (460,100), (480,120), (480,140), (460,160), (480,160), (500,180), (480,200), (460,200), (460,220), (440,240)

// Déplacements de l'unité terrestre 2 sur un horizon temporel (x_2^t, y_2^t) 
(200,240), (220,220), (240,240), (240,260), (220,280), (240,280), (220,300), (200,300), (220,320), (240,340), (220,320), (200,320), (220,340), (220,360), (200,380), (220,400), (240,420), (260,420), (280,440), (260,440), (260,420), (260,440), (260,420), (240,420), (220,440), (200,420), (200,440), (200,460), (220,460), (240,440), (260,460), (260,480), (280,500), (300,480), (320,460), (340,460), (360,460), (380,460), (360,460), (360,440), (360,420), (360,440), (340,460), (320,440), (300,440), (320,420), (320,440), (340,420), (320,440), (340,460), (360,460), (360,480), (380,500), (380,480), (380,460), (380,440), (380,420), (400,420), (420,400), (440,420), (420,420), (420,400), (440,420), (460,420), (460,400), (440,400), (440,420), (460,440), (480,420), (460,420), (480,400), (480,420), (460,420), (480,420), (460,400), (440,400), (420,400), (420,380), (400,360), (420,380), (420,360), (420,380), (400,380), (400,400), (420,400), (420,380), (400,360), (380,360), (380,340), (360,320), (360,300), (360,320), (340,300), (340,320), (320,320), (320,300), (320,280), (300,300), (320,280), (300,260)

// Déplacements de l'unité terrestre 3 sur un horizon temporel (x_3^t, y_3^t) 
(420,660), (440,680), (420,680), (440,680), (420,660), (440,680), (460,680), (460,660), (440,660), (420,680), (420,700), (440,680), (460,700), (460,720), (480,740), (480,720), (480,740), (500,740), (500,760), (520,760), (540,780), (560,780), (560,760), (580,780), (560,760), (580,760), (600,740), (600,760), (620,760), (640,760), (640,780), (660,780), (640,780), (660,800), (660,780), (660,760), (680,740), (700,760), (720,780), (740,800), (720,820), (740,840), (720,820), (740,800), (760,780), (740,760), (720,740), (740,720), (740,740), (720,760), (720,740), (700,720), (720,700), (700,680), (680,680), (680,660), (660,640), (680,640), (700,640), (680,660), (700,640), (720,620), (720,640), (740,660), (760,640), (780,620), (780,640), (760,620), (780,620), (780,600), (800,580), (800,560), (820,580), (800,580), (800,600), (780,600), (760,580), (780,600), (800,580), (800,600), (780,620), (800,600), (820,600), (800,600), (800,580), (820,560), (840,540), (860,560), (860,540), (860,520), (880,500), (880,480), (860,480), (840,480), (820,500), (840,520), (840,540), (860,560), (860,580), (860,560)

// Déplacements de l'unité terrestre 4 sur un horizon temporel (x_4^t, y_4^t) 
(840,860), (820,880), (800,860), (820,860), (820,840), (800,820), (800,840), (780,840), (760,840), (780,860), (760,880), (740,860), (760,840), (780,860), (760,880), (760,900), (740,920), (720,940), (700,960), (680,980), (700,980), (720,960), (700,940), (680,960), (680,980), (660,980), (660,960), (660,980), (640,980), (620,980), (600,980), (580,960), (580,980), (560,960), (580,940), (560,920), (580,900), (600,920), (580,940), (600,960), (580,980), (600,960), (580,960), (560,960), (580,980), (560,960), (540,960), (540,940), (560,940), (560,920), (580,920), (560,900), (540,880), (520,900), (520,920), (500,920), (480,900), (500,920), (520,940), (540,920), (540,900), (560,900), (560,880), (540,900), (560,880), (560,860), (560,840), (580,860), (560,860), (560,880), (580,860), (600,860), (600,840), (620,840), (600,860), (620,840), (600,820), (580,840), (580,820), (600,800), (580,800), (580,820), (560,840), (580,860), (560,860), (560,840), (580,840), (560,860), (540,840), (520,860), (500,880), (520,880), (540,900), (560,920), (560,900), (540,900), (560,900), (580,880), (560,900), (580,900)

// Déplacements de l'unité terrestre 5 sur un horizon temporel (x_5^t, y_5^t) 
(340,460), (320,460), (340,460), (320,480), (340,480), (360,460), (380,480), (400,460), (380,480), (380,500), (380,520), (400,540), (400,560), (380,540), (400,540), (380,520), (400,500), (420,480), (420,460), (440,460), (440,480), (460,460), (460,440), (480,460), (480,440), (480,420), (480,440), (460,440), (460,420), (480,440), (500,440), (520,460), (500,460), (520,460), (520,480), (500,500), (480,500), (460,480), (460,500), (440,520), (460,500), (440,500), (460,480), (440,500), (460,500), (480,520), (500,520), (520,520), (540,500), (520,480), (500,500), (500,520), (480,500), (500,500), (520,500), (520,480), (500,500), (480,520), (460,500), (440,500), (420,520), (400,520), (420,520), (440,540), (460,520), (440,500), (440,520), (460,520), (480,520), (480,500), (460,480), (480,500), (500,520), (480,520), (480,500), (500,520), (480,520), (500,500), (520,520), (500,500), (520,500), (540,480), (520,460), (540,440), (540,460), (560,440), (560,460), (560,440), (560,420), (540,440), (540,420), (540,400), (540,380), (540,360), (560,340), (540,360), (520,360), (500,340), (480,340), (460,340)

// Déplacements de l'unité terrestre 6 sur un horizon temporel (x_6^t, y_6^t) 
(460,760), (440,740), (440,760), (460,740), (480,740), (500,720), (500,700), (480,680), (500,660), (480,660), (460,660), (460,680), (480,680), (500,660), (500,680), (480,680), (460,680), (440,700), (420,680), (400,700), (380,700), (360,680), (380,660), (360,640), (380,640), (400,660), (400,680), (380,660), (380,680), (360,700), (380,680), (360,680), (360,700), (360,680), (380,700), (360,680), (340,680), (360,700), (340,700), (360,680), (360,660), (340,680), (360,680), (380,700), (400,680), (400,660), (420,680), (400,700), (420,720), (420,700), (440,700), (460,720), (440,740), (440,720), (420,720), (400,740), (380,740), (380,720), (380,700), (400,680), (400,700), (400,720), (380,700), (360,720), (340,740), (340,760), (360,780), (380,760), (400,760), (380,740), (360,740), (360,720), (340,700), (360,700), (360,680), (380,680), (400,700), (380,680), (400,680), (380,700), (360,680), (340,680), (360,660), (380,660), (400,660), (380,680), (380,700), (380,720), (360,720), (340,700), (360,700), (380,680), (360,700), (340,700), (340,720), (340,700), (360,720), (360,700), (340,680), (360,680)

// Déplacements de l'unité terrestre 7 sur un horizon temporel (x_7^t, y_7^t) 
(120,760), (100,740), (80,720), (100,700), (120,680), (120,660), (140,640), (160,640), (180,660), (200,680), (200,700), (220,680), (240,680), (260,700), (240,680), (260,700), (240,720), (260,700), (280,720), (300,740), (320,720), (320,740), (320,720), (340,720), (320,720), (340,740), (360,720), (360,700), (380,680), (360,700), (340,680), (320,680), (340,680), (360,680), (340,680), (340,660), (340,640), (360,620), (340,600), (360,620), (340,640), (320,620), (320,600), (300,620), (320,620), (300,600), (320,600), (300,600), (280,580), (300,560), (320,540), (340,520), (320,520), (340,520), (320,500), (340,520), (360,540), (380,540), (400,520), (400,500), (380,480), (360,460), (380,440), (400,420), (380,400), (360,380), (360,400), (380,400), (400,380), (380,360), (380,340), (360,360), (380,380), (380,360), (400,340), (380,320), (360,300), (340,300), (360,300), (380,300), (400,300), (380,320), (400,300), (380,320), (380,300), (360,320), (340,320), (360,340), (360,360), (380,380), (360,400), (360,420), (360,440), (380,420), (380,400), (360,380), (340,360), (320,360), (300,340), (320,320)

// Déplacements de l'unité terrestre 8 sur un horizon temporel (x_8^t, y_8^t) 
(600,720), (620,700), (640,680), (640,700), (620,680), (600,700), (580,680), (580,700), (600,720), (580,700), (580,680), (600,660), (620,640), (640,660), (640,680), (660,700), (640,700), (640,720), (620,720), (620,700), (600,700), (600,720), (580,700), (600,680), (620,660), (600,640), (580,620), (600,620), (620,600), (600,580), (600,600), (580,580), (560,580), (540,600), (520,580), (520,600), (540,600), (560,620), (580,600), (560,580), (540,560), (540,580), (520,580), (500,580), (520,600), (500,600), (520,600), (540,620), (540,640), (540,660), (520,640), (520,660), (520,680), (500,700), (500,720), (520,720), (540,700), (560,720), (580,720), (560,720), (540,720), (560,720), (580,700), (580,680), (560,680), (540,700), (520,700), (500,720), (500,740), (500,720), (480,740), (480,720), (480,740), (460,740), (440,740), (460,740), (440,760), (460,780), (460,760), (460,780), (440,760), (420,780), (440,780), (420,760), (400,780), (380,780), (360,780), (360,800), (360,780), (360,760), (360,740), (360,760), (380,760), (400,740), (400,720), (400,700), (420,720), (400,720), (400,700), (420,700)

// Déplacements de l'unité terrestre 9 sur un horizon temporel (x_9^t, y_9^t) 
(260,980), (240,980), (240,960), (260,960), (280,980), (300,980), (280,980), (300,980), (280,980), (260,960), (240,980), (220,960), (200,980), (220,960), (200,960), (220,980), (240,960), (260,960), (240,980), (260,980), (240,980), (260,960), (280,960), (300,980), (320,980), (320,960), (300,940), (320,960), (340,960), (320,980), (320,960), (300,960), (320,980), (340,980), (340,960), (320,980), (340,980), (320,980), (320,960), (300,940), (300,960), (320,940), (340,920), (320,920), (300,940), (320,920), (320,900), (300,900), (300,920), (300,900), (300,880), (320,900), (340,900), (340,880), (340,900), (360,920), (340,920), (340,940), (340,960), (360,980), (380,980), (400,980), (420,980), (440,960), (460,960), (480,960), (500,980), (520,980), (540,980), (560,960), (540,940), (520,940), (540,940), (540,920), (540,940), (520,940), (500,940), (480,920), (460,920), (480,900), (460,900), (460,880), (440,880), (460,880), (440,860), (460,880), (440,860), (440,840), (440,860), (420,880), (440,860), (440,880), (440,860), (420,860), (400,840), (420,840), (440,820), (460,820), (440,800), (420,800)

// Déplacements de l'unité terrestre 10 sur un horizon temporel (x_10^t, y_10^t) 
(940,740), (920,720), (940,700), (920,680), (940,680), (960,680), (980,680), (980,660), (980,680), (960,660), (980,660), (960,680), (960,700), (940,720), (940,700), (920,720), (940,720), (960,700), (980,720), (960,700), (940,680), (920,680), (920,660), (900,680), (900,660), (880,640), (860,620), (840,620), (840,600), (820,600), (800,580), (820,600), (840,620), (820,620), (820,600), (820,620), (820,640), (820,620), (840,620), (860,620), (860,600), (860,580), (840,580), (860,560), (840,580), (860,580), (840,600), (860,620), (860,640), (840,640), (840,660), (840,680), (820,680), (800,660), (780,640), (780,620), (800,640), (800,620), (780,620), (780,600), (780,580), (760,580), (740,560), (720,560), (700,560), (680,540), (660,540), (660,560), (680,580), (700,600), (720,600), (700,580), (720,560), (700,560), (700,580), (680,600), (660,620), (640,600), (640,620), (640,600), (660,600), (680,600), (700,620), (720,600), (700,580), (720,580), (720,600), (700,620), (720,640), (700,620), (680,620), (680,640), (700,660), (720,640), (740,620), (720,640), (720,660), (740,660), (740,640), (760,640)

