// Déplacements de l'unité terrestre 1 sur un horizon temporel (x_1^t, y_1^t) 
(960,340), (940,320), (920,340), (940,340), (920,320), (940,320), (960,320), (980,320), (980,300), (980,320), (960,320), (940,320), (920,340), (940,340), (920,340), (920,320), (900,300), (880,280), (880,260), (900,240), (920,260), (940,240), (960,240), (980,260), (960,260), (960,240), (980,220), (980,240), (980,260), (960,240), (960,260), (940,280), (960,260), (980,260), (960,280), (960,260), (980,260), (980,240), (980,220), (980,200), (980,220), (960,220), (980,200), (960,220), (960,200), (940,220), (920,200), (900,200), (880,200), (880,220), (880,200), (860,180), (860,200), (840,180), (860,180), (840,180), (840,200), (820,220), (840,240), (820,260), (800,260), (780,280), (800,280), (780,280), (800,300), (800,320), (780,320), (780,300), (800,280), (820,280), (800,300), (820,300), (840,280), (860,280), (880,280), (900,300), (920,320), (920,300), (940,300), (960,320), (980,320), (980,300), (980,280), (980,260), (960,260), (980,280), (960,300), (980,280), (960,260), (960,240), (980,240), (980,260), (980,280), (980,300), (960,280), (940,280), (960,260), (980,240), (960,220), (960,200)

// Déplacements de l'unité terrestre 2 sur un horizon temporel (x_2^t, y_2^t) 
(940,420), (940,400), (920,400), (940,400), (960,400), (960,380), (960,400), (960,420), (940,440), (920,420), (940,420), (960,420), (960,400), (980,400), (960,420), (940,400), (920,400), (900,400), (900,380), (920,360), (900,380), (920,360), (900,380), (880,360), (900,340), (920,320), (940,320), (960,300), (980,300), (980,280), (960,300), (940,300), (920,280), (900,300), (880,320), (900,300), (920,320), (940,300), (940,320), (920,300), (940,300), (940,320), (920,320), (940,300), (940,280), (960,260), (980,280), (980,260), (980,240), (960,220), (960,200), (980,220), (980,200), (960,220), (940,200), (920,220), (900,200), (920,200), (920,220), (900,240), (880,260), (900,240), (920,260), (900,280), (880,260), (900,280), (880,260), (900,240), (900,220), (880,200), (880,220), (900,200), (880,180), (900,160), (920,140), (900,140), (880,160), (860,140), (840,160), (820,180), (800,180), (820,180), (840,180), (820,160), (840,140), (820,160), (840,180), (820,180), (840,180), (860,160), (840,140), (820,160), (800,140), (800,160), (780,140), (760,120), (760,140), (760,160), (760,180), (780,180)

// Déplacements de l'unité terrestre 3 sur un horizon temporel (x_3^t, y_3^t) 
(100,200), (100,180), (120,160), (140,140), (160,120), (140,140), (140,120), (160,140), (180,140), (200,140), (200,120), (180,120), (200,140), (200,120), (180,120), (200,100), (180,120), (160,100), (160,120), (180,140), (160,160), (140,160), (160,140), (180,120), (180,140), (200,140), (220,120), (240,120), (260,140), (260,160), (240,180), (260,160), (280,160), (260,160), (260,180), (280,200), (300,200), (320,180), (320,160), (320,140), (300,160), (280,160), (280,180), (300,160), (320,140), (300,120), (280,120), (300,120), (320,140), (340,160), (360,180), (340,180), (360,160), (360,180), (360,200), (340,200), (320,200), (300,200), (280,180), (260,180), (240,180), (220,200), (240,220), (220,200), (240,200), (220,200), (200,200), (220,180), (200,200), (180,220), (200,240), (200,220), (180,240), (160,260), (140,240), (160,220), (140,200), (140,180), (120,160), (100,180), (120,160), (140,180), (160,160), (180,180), (160,180), (160,160), (160,180), (140,160), (120,160), (140,160), (120,140), (100,160), (120,140), (100,140), (100,160), (100,180), (120,180), (120,200), (140,220), (120,200)

// Déplacements de l'unité terrestre 4 sur un horizon temporel (x_4^t, y_4^t) 
(900,180), (920,160), (920,140), (920,120), (900,140), (920,160), (900,180), (880,200), (900,200), (880,180), (900,160), (920,160), (940,160), (960,180), (940,160), (920,160), (900,180), (900,160), (920,160), (940,160), (940,140), (960,140), (980,120), (960,120), (940,100), (960,80), (980,60), (980,40), (960,20), (980,40), (960,20), (940,40), (920,20), (940,20), (960,20), (980,20), (980,40), (980,20), (960,40), (940,40), (920,20), (940,20), (960,20), (960,40), (980,40), (980,60), (960,80), (980,80), (960,80), (980,100), (980,120), (980,140), (960,120), (940,140), (960,120), (940,120), (960,100), (940,80), (940,60), (940,80), (960,80), (960,60), (940,40), (960,20), (940,20), (960,40), (980,40), (960,60), (940,60), (920,60), (940,80), (960,80), (940,60), (960,80), (940,80), (960,60), (940,80), (940,100), (960,120), (940,100), (920,100), (940,80), (940,100), (920,120), (940,100), (960,120), (940,120), (960,100), (940,80), (940,100), (920,80), (940,80), (940,60), (960,80), (960,100), (960,120), (980,120), (980,140), (960,160), (980,160)

// Déplacements de l'unité terrestre 5 sur un horizon temporel (x_5^t, y_5^t) 
(320,100), (340,100), (340,80), (320,100), (300,120), (300,100), (300,120), (320,100), (300,100), (280,100), (300,80), (300,60), (280,60), (300,40), (280,60), (260,80), (240,60), (220,60), (200,80), (180,100), (200,80), (220,60), (220,80), (240,100), (260,120), (280,120), (300,140), (320,120), (340,140), (320,140), (320,160), (340,160), (360,140), (380,140), (360,160), (380,160), (400,180), (380,180), (360,160), (340,140), (360,120), (380,120), (400,100), (420,100), (400,100), (400,80), (420,60), (440,60), (420,80), (400,100), (400,120), (400,100), (380,120), (360,120), (340,140), (360,120), (380,120), (400,120), (400,100), (400,80), (380,100), (360,100), (380,80), (400,80), (420,80), (400,60), (420,40), (400,20), (420,20), (440,40), (440,20), (460,40), (440,20), (420,40), (400,40), (420,20), (420,40), (440,60), (420,80), (440,60), (460,40), (440,60), (460,60), (460,40), (440,20), (460,40), (480,20), (460,40), (440,40), (440,60), (440,40), (420,20), (420,40), (420,20), (420,40), (400,60), (380,60), (360,40), (380,60), (400,80)

// Déplacements de l'unité terrestre 6 sur un horizon temporel (x_6^t, y_6^t) 
(880,160), (900,140), (900,160), (880,160), (860,180), (840,160), (820,160), (840,140), (840,160), (840,180), (860,160), (860,140), (880,120), (860,140), (880,140), (860,140), (840,140), (860,120), (860,140), (880,160), (900,160), (880,140), (880,160), (900,160), (880,160), (900,180), (900,200), (880,220), (860,200), (860,180), (880,160), (900,180), (880,180), (880,200), (900,220), (900,240), (880,260), (900,240), (900,220), (900,240), (900,260), (920,280), (920,260), (940,280), (940,260), (940,280), (960,280), (980,300), (960,280), (980,300), (980,280), (960,300), (940,280), (960,280), (940,280), (920,300), (920,320), (940,300), (940,320), (940,340), (920,340), (900,360), (900,380), (880,400), (880,380), (900,400), (880,400), (860,420), (860,400), (840,420), (820,440), (820,420), (800,440), (820,420), (840,440), (860,420), (840,420), (860,400), (860,420), (840,440), (820,420), (820,400), (800,400), (780,400), (780,380), (760,360), (760,380), (760,360), (740,360), (720,340), (700,320), (680,320), (680,340), (660,340), (660,320), (680,340), (700,340), (680,340), (680,320), (660,320)

// Déplacements de l'unité terrestre 7 sur un horizon temporel (x_7^t, y_7^t) 
(560,40), (540,60), (520,40), (520,60), (520,80), (540,100), (560,80), (540,60), (540,40), (540,60), (540,40), (520,20), (520,40), (540,20), (560,40), (540,60), (520,80), (540,60), (560,80), (560,100), (560,120), (560,100), (560,80), (540,80), (560,80), (560,100), (540,80), (560,100), (560,120), (580,140), (600,160), (620,160), (640,160), (620,140), (620,160), (620,180), (620,160), (600,160), (620,160), (640,160), (660,180), (680,160), (660,160), (640,140), (620,140), (640,140), (640,120), (620,120), (640,120), (660,140), (660,120), (680,120), (660,140), (680,120), (680,140), (680,160), (660,140), (660,120), (660,140), (640,160), (640,180), (620,200), (640,180), (660,180), (680,200), (680,180), (700,180), (720,200), (740,220), (740,240), (720,260), (720,240), (700,240), (720,240), (740,260), (720,260), (740,240), (740,260), (760,260), (780,240), (760,220), (780,240), (780,220), (800,240), (780,220), (800,200), (820,180), (820,160), (800,180), (820,200), (800,180), (780,180), (760,200), (740,200), (720,180), (740,200), (760,180), (780,200), (780,180), (800,180)

// Déplacements de l'unité terrestre 8 sur un horizon temporel (x_8^t, y_8^t) 
(60,360), (40,340), (60,340), (80,360), (80,340), (60,340), (80,360), (60,340), (60,320), (60,300), (40,280), (40,300), (60,300), (60,320), (40,320), (20,320), (40,340), (20,320), (20,340), (40,340), (20,360), (40,380), (20,380), (40,400), (60,380), (60,360), (80,360), (60,380), (80,380), (100,400), (120,420), (140,440), (120,440), (100,420), (100,400), (100,380), (80,360), (80,380), (80,360), (60,380), (40,360), (20,360), (40,380), (40,400), (60,420), (40,440), (20,440), (40,440), (60,440), (80,440), (80,420), (80,440), (60,440), (80,420), (60,420), (40,420), (40,400), (60,400), (60,380), (80,400), (60,380), (60,400), (40,420), (40,440), (60,440), (40,420), (60,440), (80,420), (80,440), (60,440), (60,460), (40,460), (60,460), (40,440), (40,460), (60,480), (80,480), (80,500), (60,500), (40,480), (20,480), (20,460), (20,480), (20,460), (40,440), (20,460), (40,460), (60,460), (80,480), (80,460), (60,480), (80,480), (60,460), (40,460), (40,480), (40,500), (20,480), (40,460), (60,460), (80,480)

// Déplacements de l'unité terrestre 9 sur un horizon temporel (x_9^t, y_9^t) 
(400,440), (380,460), (380,480), (380,500), (380,480), (360,480), (380,500), (380,520), (360,540), (380,540), (400,520), (380,540), (400,560), (400,580), (380,580), (360,560), (380,580), (380,560), (380,580), (400,580), (420,560), (400,580), (380,560), (360,560), (340,580), (340,600), (320,600), (300,600), (300,620), (300,600), (280,580), (260,580), (280,600), (280,580), (280,560), (280,540), (280,560), (300,580), (280,600), (260,600), (280,600), (300,620), (300,640), (320,660), (320,640), (300,660), (300,680), (320,680), (300,700), (320,680), (300,680), (280,700), (260,720), (240,740), (260,740), (280,760), (260,760), (240,780), (260,800), (240,800), (220,800), (220,780), (220,800), (200,800), (200,820), (220,820), (220,800), (240,820), (220,800), (200,780), (220,760), (200,760), (220,740), (200,720), (220,740), (200,740), (220,760), (200,780), (220,760), (240,780), (260,800), (260,820), (260,840), (280,840), (300,820), (280,840), (260,840), (240,840), (260,820), (240,820), (260,840), (280,860), (300,840), (320,820), (340,840), (360,840), (340,820), (340,840), (360,840), (380,840)

// Déplacements de l'unité terrestre 10 sur un horizon temporel (x_10^t, y_10^t) 
(960,900), (980,880), (960,900), (960,920), (940,940), (920,940), (920,920), (940,920), (960,920), (980,900), (960,900), (940,880), (940,860), (960,880), (940,880), (960,860), (980,860), (980,880), (980,860), (980,840), (960,840), (940,820), (920,800), (900,800), (880,780), (900,800), (880,780), (900,760), (900,740), (880,720), (860,720), (880,700), (860,700), (880,700), (900,700), (880,680), (900,680), (880,700), (900,700), (880,700), (880,680), (860,700), (860,720), (880,720), (880,740), (880,760), (860,740), (880,740), (900,720), (920,700), (900,720), (900,700), (920,700), (940,720), (940,700), (960,720), (940,740), (940,760), (920,740), (900,720), (880,700), (900,700), (920,700), (900,720), (920,720), (900,700), (920,700), (940,700), (940,720), (920,720), (900,700), (920,680), (920,700), (900,720), (880,720), (880,740), (880,720), (860,720), (840,740), (840,720), (820,740), (840,720), (860,740), (880,720), (860,740), (840,720), (840,740), (820,740), (840,740), (840,720), (860,720), (880,740), (860,720), (840,740), (840,720), (820,740), (840,720), (860,720), (840,700), (820,720)

