// Déplacements de l'unité terrestre 1 sur un horizon temporel (x_1^t, y_1^t) 
(480,20), (460,40), (440,60), (440,40), (460,60), (480,80), (480,60), (500,60), (480,80), (500,100), (520,80), (540,80), (560,80), (540,60), (520,60), (540,80), (520,80), (520,100), (540,100), (520,80), (500,60), (480,60), (500,40), (480,60), (480,40), (500,20), (520,20), (520,40), (500,40), (500,60), (480,80), (480,100), (480,120), (500,120), (520,100), (520,120), (500,100), (480,100), (460,100), (460,120), (480,100), (480,120), (500,120), (480,140), (460,160), (480,140), (500,160), (520,140), (500,160), (480,180), (480,200), (460,220), (460,240), (440,240), (460,220), (440,200), (420,220), (400,220), (380,240), (400,260), (420,280), (420,300), (440,320), (440,300), (440,280), (460,260), (480,280), (500,280), (500,300), (520,300), (520,280), (540,300), (520,320), (500,340), (500,320), (500,340), (480,360), (480,340), (460,360), (440,340), (460,340), (440,340), (420,360), (400,380), (420,360), (440,360), (420,380), (440,380), (460,360), (460,340), (460,360), (460,380), (480,400), (460,420), (460,440), (480,460), (500,440), (520,420), (540,400), (540,420)

// Déplacements de l'unité terrestre 2 sur un horizon temporel (x_2^t, y_2^t) 
(720,980), (720,960), (740,940), (760,920), (740,900), (740,920), (760,920), (780,920), (780,900), (800,880), (820,880), (800,880), (800,900), (780,920), (780,900), (780,880), (780,860), (800,860), (820,860), (840,840), (840,860), (840,880), (860,900), (840,920), (820,940), (820,960), (840,960), (860,980), (840,980), (820,980), (800,980), (780,960), (800,960), (780,940), (800,920), (780,940), (800,960), (780,960), (760,980), (760,960), (740,940), (760,960), (780,960), (780,980), (760,980), (740,980), (720,960), (740,940), (720,960), (700,960), (680,960), (660,980), (660,960), (660,940), (640,960), (620,940), (640,960), (640,980), (640,960), (620,980), (600,980), (620,960), (600,940), (600,960), (600,980), (620,960), (640,960), (660,980), (660,960), (640,980), (640,960), (660,960), (680,940), (700,920), (720,940), (700,960), (720,940), (700,960), (720,980), (700,980), (720,960), (740,960), (740,940), (760,940), (740,940), (740,920), (760,940), (780,960), (800,960), (820,980), (840,960), (840,980), (820,960), (800,940), (780,920), (780,940), (760,960), (740,960), (720,940), (700,960)

// Déplacements de l'unité terrestre 3 sur un horizon temporel (x_3^t, y_3^t) 
(160,740), (180,740), (200,720), (180,720), (200,740), (200,760), (220,760), (220,780), (220,800), (200,820), (220,840), (220,860), (200,880), (220,860), (200,840), (220,840), (200,860), (180,860), (160,860), (160,840), (180,820), (160,820), (140,800), (140,780), (120,760), (100,760), (100,780), (120,760), (120,740), (120,760), (140,740), (120,720), (100,700), (80,680), (100,700), (120,720), (140,700), (160,680), (180,660), (200,660), (180,640), (160,660), (180,640), (160,620), (180,600), (200,600), (220,600), (200,580), (220,600), (240,580), (220,560), (240,560), (240,540), (220,540), (200,560), (200,540), (220,560), (200,560), (220,560), (200,560), (180,580), (160,600), (180,600), (200,580), (200,600), (180,580), (180,600), (160,620), (140,600), (160,580), (180,560), (200,560), (180,560), (180,540), (180,560), (200,560), (200,580), (180,600), (180,580), (200,560), (220,540), (240,540), (240,560), (220,560), (240,540), (260,540), (240,540), (240,520), (260,540), (280,560), (260,580), (240,580), (220,580), (200,600), (220,600), (200,620), (220,600), (220,620), (220,600), (200,580)

// Déplacements de l'unité terrestre 4 sur un horizon temporel (x_4^t, y_4^t) 
(660,380), (660,360), (660,340), (660,360), (680,360), (660,360), (660,340), (640,320), (640,340), (660,340), (640,360), (660,360), (640,380), (620,360), (620,380), (600,360), (600,340), (600,320), (620,320), (600,320), (580,320), (600,320), (580,340), (560,320), (560,300), (540,300), (520,280), (540,300), (560,280), (580,280), (580,260), (560,260), (580,240), (560,220), (540,200), (540,220), (560,200), (540,180), (560,200), (580,220), (560,200), (560,220), (580,240), (560,220), (560,200), (540,200), (560,200), (580,200), (560,220), (580,240), (580,220), (560,220), (560,200), (580,180), (600,160), (620,160), (600,160), (580,140), (600,140), (580,160), (560,180), (560,200), (540,220), (560,240), (540,220), (520,220), (540,220), (520,220), (520,200), (540,220), (540,200), (520,200), (540,200), (560,180), (540,180), (540,160), (540,180), (520,200), (520,180), (500,200), (500,220), (480,220), (500,200), (500,180), (480,180), (500,180), (520,160), (500,140), (520,140), (500,120), (500,140), (480,140), (500,140), (520,160), (540,160), (560,180), (560,160), (540,180), (560,180), (540,160)

// Déplacements de l'unité terrestre 5 sur un horizon temporel (x_5^t, y_5^t) 
(20,680), (40,680), (60,680), (40,680), (20,700), (40,720), (20,740), (20,760), (20,740), (40,720), (60,700), (60,680), (60,660), (80,640), (100,620), (120,640), (120,620), (140,620), (160,620), (180,620), (180,640), (180,620), (200,640), (180,660), (180,640), (180,660), (160,660), (180,680), (200,660), (180,640), (180,620), (160,640), (140,640), (160,620), (160,600), (180,580), (160,600), (180,600), (200,580), (180,560), (200,580), (220,580), (240,600), (220,620), (220,640), (220,620), (240,600), (260,600), (260,620), (280,620), (280,600), (300,620), (320,640), (300,640), (300,620), (280,640), (300,620), (300,600), (320,620), (340,640), (320,640), (300,660), (320,640), (300,620), (320,640), (300,660), (320,640), (300,660), (280,640), (260,620), (280,620), (260,620), (260,640), (240,640), (240,660), (260,660), (260,680), (260,660), (240,660), (220,680), (240,680), (240,700), (240,680), (260,680), (240,660), (240,680), (220,700), (240,720), (260,740), (240,740), (260,740), (240,720), (220,740), (220,760), (220,740), (200,740), (200,720), (180,720), (200,740), (180,760)

// Déplacements de l'unité terrestre 6 sur un horizon temporel (x_6^t, y_6^t) 
(200,60), (180,80), (160,60), (180,40), (200,20), (200,40), (180,20), (180,40), (160,20), (140,20), (160,40), (160,60), (160,80), (140,100), (120,100), (140,80), (140,100), (120,120), (100,140), (120,160), (100,180), (100,160), (120,180), (120,160), (140,180), (160,160), (140,180), (120,180), (100,160), (120,180), (140,160), (160,180), (160,200), (140,180), (160,180), (180,180), (200,200), (220,220), (200,200), (220,180), (200,160), (180,160), (160,180), (180,180), (200,180), (180,200), (200,220), (180,200), (160,200), (140,200), (160,200), (180,200), (200,200), (220,180), (200,160), (200,140), (180,140), (200,160), (220,180), (200,180), (220,200), (240,220), (260,220), (280,240), (300,220), (320,220), (300,200), (320,180), (300,180), (280,200), (280,180), (300,200), (300,180), (280,160), (300,180), (280,160), (280,140), (280,160), (300,160), (280,140), (260,140), (260,120), (280,140), (300,160), (280,140), (300,160), (320,140), (300,120), (320,120), (340,140), (320,120), (300,100), (320,120), (300,100), (320,100), (320,80), (340,60), (320,60), (340,60), (340,40)

// Déplacements de l'unité terrestre 7 sur un horizon temporel (x_7^t, y_7^t) 
(220,200), (200,220), (180,240), (200,220), (180,220), (160,200), (180,180), (200,180), (180,160), (180,140), (200,160), (180,160), (200,140), (180,120), (160,120), (140,140), (120,120), (100,140), (80,160), (100,180), (100,160), (120,140), (100,120), (120,100), (100,80), (100,60), (100,80), (100,100), (100,80), (80,60), (80,80), (100,80), (120,60), (100,60), (80,40), (80,20), (100,20), (80,20), (100,20), (120,20), (100,20), (80,40), (60,60), (60,40), (40,60), (40,40), (60,40), (60,20), (40,40), (60,40), (80,40), (100,60), (120,40), (120,20), (120,40), (100,40), (120,60), (140,60), (160,80), (160,100), (180,120), (160,100), (140,120), (140,100), (160,80), (140,100), (140,120), (160,140), (180,160), (180,180), (180,200), (160,220), (160,200), (160,220), (140,240), (160,260), (140,260), (120,260), (100,280), (120,300), (120,320), (100,340), (80,320), (60,320), (60,340), (40,340), (20,320), (40,340), (60,340), (80,320), (80,340), (100,360), (80,340), (80,360), (60,380), (60,360), (60,380), (60,400), (80,420), (60,420)

// Déplacements de l'unité terrestre 8 sur un horizon temporel (x_8^t, y_8^t) 
(420,300), (400,320), (420,320), (440,300), (420,320), (400,300), (380,280), (360,260), (360,280), (360,260), (340,240), (360,260), (340,260), (360,280), (380,280), (400,300), (420,280), (420,260), (400,280), (420,280), (440,300), (420,300), (420,320), (400,340), (400,360), (380,360), (400,380), (400,360), (420,360), (440,360), (460,380), (460,400), (480,420), (460,440), (440,420), (460,440), (480,440), (460,460), (460,480), (460,500), (480,520), (480,540), (460,520), (480,540), (460,560), (480,580), (460,580), (440,580), (440,560), (440,540), (420,540), (440,520), (420,520), (400,500), (420,520), (440,500), (460,500), (460,520), (480,520), (460,500), (460,520), (480,540), (480,520), (480,540), (460,560), (440,560), (420,540), (400,540), (380,520), (360,500), (360,520), (380,500), (400,500), (400,520), (380,520), (400,540), (380,520), (380,500), (400,500), (380,500), (360,520), (380,540), (400,540), (400,520), (420,540), (400,520), (400,500), (420,520), (400,540), (420,560), (420,540), (440,520), (460,500), (480,500), (460,480), (480,480), (480,500), (460,480), (440,500), (440,480)

// Déplacements de l'unité terrestre 9 sur un horizon temporel (x_9^t, y_9^t) 
(140,620), (140,640), (120,660), (100,660), (120,660), (140,660), (120,680), (140,680), (120,680), (120,660), (120,640), (120,660), (100,660), (120,660), (140,680), (120,700), (140,700), (120,680), (100,680), (120,700), (120,680), (140,700), (120,680), (120,700), (120,680), (100,660), (80,680), (60,700), (80,720), (60,720), (80,700), (100,700), (120,680), (100,680), (80,680), (60,680), (80,680), (100,680), (80,660), (60,660), (60,680), (80,680), (100,660), (120,680), (140,700), (140,720), (140,740), (160,720), (180,740), (200,740), (220,760), (220,780), (200,760), (200,740), (180,760), (160,780), (180,780), (180,800), (180,780), (200,800), (200,780), (200,760), (180,780), (160,780), (160,800), (160,780), (180,800), (200,780), (220,760), (220,740), (200,760), (180,780), (180,800), (200,820), (200,840), (180,840), (180,860), (180,880), (200,860), (180,880), (180,860), (200,840), (220,820), (240,840), (220,840), (240,820), (240,840), (260,860), (280,840), (260,860), (260,880), (240,860), (260,880), (280,860), (280,840), (280,860), (300,880), (280,900), (280,880), (300,880)

// Déplacements de l'unité terrestre 10 sur un horizon temporel (x_10^t, y_10^t) 
(600,420), (580,400), (560,420), (580,420), (600,400), (580,380), (560,380), (540,380), (520,380), (520,360), (520,380), (540,400), (520,420), (520,400), (540,420), (540,440), (520,460), (500,480), (480,480), (480,460), (460,460), (440,440), (460,460), (460,440), (440,440), (460,440), (480,460), (480,440), (460,420), (460,400), (460,420), (460,400), (440,380), (440,360), (460,360), (440,380), (420,360), (400,380), (380,360), (360,340), (340,320), (320,300), (300,280), (320,280), (300,260), (280,240), (300,240), (320,240), (300,220), (320,200), (300,180), (280,180), (260,180), (240,200), (260,220), (260,200), (280,220), (280,240), (260,220), (280,200), (280,180), (260,200), (280,180), (300,180), (300,200), (280,200), (280,180), (260,200), (260,220), (240,220), (260,200), (280,180), (300,180), (320,160), (320,180), (340,200), (340,180), (340,160), (360,140), (380,140), (380,160), (400,160), (380,140), (400,160), (380,160), (360,140), (360,120), (380,100), (360,80), (360,100), (360,120), (380,140), (360,160), (380,160), (360,180), (380,200), (360,220), (340,220), (360,200), (340,180)

