// Déplacements de l'unité terrestre 1 sur un horizon temporel (x_1^t, y_1^t) 
(940,680), (960,700), (960,720), (960,700), (960,720), (940,700), (920,700), (940,720), (940,740), (960,760), (960,780), (980,760), (960,740), (940,720), (940,700), (960,680), (980,660), (960,660), (980,680), (980,660), (960,660), (940,680), (940,660), (920,640), (920,620), (920,640), (920,620), (940,620), (920,600), (900,600), (900,620), (880,620), (860,620), (860,600), (840,600), (860,580), (880,580), (900,600), (920,600), (940,620), (920,620), (900,640), (880,640), (900,640), (920,620), (920,600), (900,580), (920,580), (920,560), (920,540), (940,540), (920,520), (900,520), (920,540), (940,560), (960,560), (940,560), (920,580), (940,560), (920,580), (940,600), (920,580), (920,560), (900,560), (880,540), (900,560), (880,560), (900,580), (900,600), (920,580), (940,580), (960,580), (960,600), (940,580), (940,560), (920,560), (900,540), (920,520), (940,540), (940,560), (940,580), (940,560), (940,580), (960,560), (940,560), (920,580), (920,600), (900,620), (880,600), (860,620), (880,640), (900,660), (880,680), (900,700), (880,680), (900,660), (880,640), (880,660), (860,660), (880,660)

// Déplacements de l'unité terrestre 2 sur un horizon temporel (x_2^t, y_2^t) 
(920,320), (900,300), (920,320), (920,340), (940,360), (920,380), (900,380), (880,380), (880,360), (900,380), (920,380), (920,360), (940,360), (960,380), (940,400), (960,420), (940,400), (920,380), (900,360), (880,380), (900,360), (880,380), (880,400), (880,380), (900,380), (920,400), (940,400), (940,420), (960,440), (980,440), (980,460), (980,480), (960,460), (940,480), (940,500), (920,480), (920,500), (920,520), (900,540), (920,540), (940,520), (920,500), (940,520), (960,500), (980,480), (960,500), (980,500), (980,480), (980,460), (960,480), (960,500), (940,500), (960,520), (960,500), (960,480), (980,500), (960,520), (980,540), (960,540), (980,560), (960,540), (980,540), (980,560), (980,580), (980,600), (960,580), (940,600), (920,580), (920,600), (920,580), (920,560), (940,540), (920,560), (940,580), (960,600), (980,600), (960,580), (940,580), (920,580), (940,600), (940,580), (960,600), (980,620), (960,600), (940,600), (920,580), (940,580), (960,580), (960,600), (960,580), (940,580), (940,600), (940,620), (960,620), (980,600), (960,580), (960,560), (980,580), (980,560), (960,560)

// Déplacements de l'unité terrestre 3 sur un horizon temporel (x_3^t, y_3^t) 
(200,40), (200,60), (180,40), (200,40), (220,20), (220,40), (220,60), (200,40), (220,40), (220,20), (200,20), (180,20), (160,20), (140,20), (160,20), (180,40), (200,40), (220,60), (240,40), (220,60), (220,40), (200,40), (180,60), (180,80), (160,60), (140,80), (140,100), (160,120), (160,100), (180,100), (200,100), (200,120), (180,120), (200,100), (220,80), (220,60), (220,40), (220,60), (220,40), (220,60), (200,80), (180,100), (160,80), (140,60), (140,80), (160,100), (140,120), (160,100), (180,100), (160,120), (140,140), (140,120), (160,140), (180,120), (180,100), (180,120), (200,100), (220,120), (220,140), (220,160), (200,140), (220,140), (240,160), (220,140), (200,160), (220,180), (200,160), (220,140), (240,120), (260,100), (280,120), (280,100), (300,80), (280,60), (280,80), (280,60), (280,80), (300,80), (300,100), (300,80), (280,80), (300,80), (300,100), (320,120), (340,120), (360,120), (380,100), (400,120), (380,120), (360,120), (340,120), (320,140), (340,140), (360,120), (360,140), (340,140), (360,120), (380,140), (380,160), (400,180)

// Déplacements de l'unité terrestre 4 sur un horizon temporel (x_4^t, y_4^t) 
(440,480), (420,500), (400,500), (400,520), (400,540), (380,540), (400,540), (420,560), (440,560), (420,580), (400,560), (380,560), (400,560), (420,560), (400,580), (380,580), (360,580), (380,580), (400,560), (380,560), (360,540), (340,560), (340,580), (340,560), (360,560), (340,560), (320,540), (300,560), (320,580), (320,560), (340,580), (320,600), (340,620), (360,620), (340,620), (320,620), (320,640), (320,620), (300,600), (320,600), (320,620), (340,640), (320,660), (320,680), (300,660), (300,640), (280,620), (260,640), (280,660), (260,660), (280,640), (260,620), (260,640), (240,620), (240,640), (220,660), (220,640), (200,620), (180,620), (180,640), (200,620), (200,640), (180,640), (200,640), (220,640), (240,620), (260,640), (240,660), (220,660), (240,640), (240,660), (240,680), (240,700), (260,720), (240,700), (220,700), (220,720), (240,720), (220,740), (200,720), (200,700), (180,700), (200,700), (220,720), (220,700), (240,680), (220,680), (200,700), (200,680), (180,660), (180,680), (160,700), (180,720), (180,740), (160,740), (180,760), (200,780), (220,780), (200,800), (200,820)

// Déplacements de l'unité terrestre 5 sur un horizon temporel (x_5^t, y_5^t) 
(900,940), (880,960), (900,960), (900,980), (900,960), (920,960), (940,960), (920,940), (940,940), (960,920), (980,940), (960,920), (940,920), (920,920), (920,940), (940,960), (920,940), (920,960), (920,980), (900,960), (920,960), (940,980), (920,960), (940,980), (920,980), (940,980), (960,960), (940,960), (960,940), (940,940), (920,920), (900,920), (920,940), (940,940), (920,960), (900,960), (920,980), (920,960), (900,960), (880,960), (860,940), (860,920), (880,920), (900,940), (900,920), (880,940), (900,920), (920,900), (940,880), (920,860), (940,880), (960,900), (980,900), (980,920), (980,900), (960,920), (960,940), (940,960), (960,960), (980,960), (980,940), (960,940), (960,920), (940,920), (960,900), (980,880), (960,880), (940,860), (940,880), (920,900), (900,880), (900,900), (900,920), (900,900), (900,880), (920,900), (940,920), (920,920), (940,900), (940,920), (940,900), (920,880), (940,860), (960,860), (940,860), (960,860), (940,840), (940,860), (920,840), (940,860), (940,840), (940,860), (920,860), (920,880), (900,880), (920,900), (920,880), (940,880), (960,860), (980,860)

// Déplacements de l'unité terrestre 6 sur un horizon temporel (x_6^t, y_6^t) 
(960,820), (940,820), (940,840), (940,820), (920,800), (940,800), (960,780), (980,780), (980,800), (960,820), (980,820), (980,800), (960,820), (980,820), (980,800), (960,780), (960,760), (940,780), (960,760), (980,740), (980,760), (980,740), (980,720), (960,740), (940,720), (960,700), (980,700), (980,720), (980,700), (960,680), (960,700), (980,700), (980,720), (980,740), (960,760), (940,780), (960,760), (960,740), (960,760), (940,780), (920,800), (940,780), (920,800), (940,800), (920,800), (900,820), (880,820), (900,800), (880,800), (900,820), (900,800), (920,780), (900,760), (880,780), (880,760), (900,740), (920,740), (900,760), (920,760), (900,780), (900,800), (880,780), (880,760), (900,780), (920,800), (900,820), (900,840), (920,840), (900,860), (920,840), (900,860), (880,840), (860,860), (880,860), (900,840), (900,820), (920,820), (900,800), (920,800), (920,820), (920,840), (920,860), (900,840), (880,820), (860,820), (860,800), (880,780), (880,800), (860,780), (880,760), (900,760), (880,780), (880,760), (880,740), (860,740), (860,720), (880,700), (860,700), (840,720), (840,740)

// Déplacements de l'unité terrestre 7 sur un horizon temporel (x_7^t, y_7^t) 
(600,880), (580,860), (600,840), (620,820), (600,820), (600,800), (580,820), (560,840), (580,860), (560,840), (560,860), (540,840), (520,820), (520,800), (540,800), (520,820), (520,840), (520,820), (520,800), (500,780), (480,800), (480,820), (500,820), (480,820), (460,840), (440,860), (440,840), (420,840), (400,860), (380,840), (360,840), (360,860), (360,880), (360,860), (380,840), (400,860), (400,840), (400,860), (380,860), (380,840), (360,860), (380,860), (360,880), (360,860), (380,840), (380,860), (360,860), (340,880), (360,880), (380,860), (400,880), (420,860), (400,840), (420,840), (420,820), (440,800), (460,800), (440,780), (440,760), (420,740), (440,740), (420,760), (420,780), (400,780), (400,760), (420,760), (400,740), (420,740), (440,740), (460,720), (480,700), (480,680), (480,700), (500,720), (480,740), (500,760), (480,740), (500,720), (480,740), (480,720), (480,740), (460,720), (480,740), (500,720), (500,700), (520,700), (500,700), (520,680), (520,700), (520,680), (540,660), (560,640), (540,620), (560,620), (580,620), (600,600), (600,620), (580,600), (600,580), (600,600)

// Déplacements de l'unité terrestre 8 sur un horizon temporel (x_8^t, y_8^t) 
(580,860), (580,840), (580,820), (600,800), (580,800), (600,820), (580,820), (560,800), (560,820), (560,800), (540,800), (520,780), (500,760), (500,780), (520,800), (540,820), (560,800), (580,800), (600,800), (600,820), (620,840), (640,820), (640,840), (620,840), (600,820), (580,820), (560,840), (580,840), (560,820), (580,840), (560,820), (580,800), (560,820), (580,820), (560,800), (560,780), (580,800), (580,820), (560,820), (540,840), (520,820), (520,840), (540,860), (560,840), (580,820), (600,820), (620,820), (640,820), (660,840), (680,840), (660,840), (640,840), (660,820), (660,800), (680,780), (660,760), (660,740), (640,720), (620,740), (640,740), (660,720), (680,700), (660,680), (660,660), (680,660), (660,640), (660,620), (680,620), (660,620), (640,600), (640,620), (660,640), (680,640), (700,620), (680,620), (660,620), (660,640), (640,660), (640,680), (620,660), (620,680), (620,700), (600,700), (600,720), (600,700), (600,720), (620,740), (620,720), (640,720), (620,720), (640,720), (660,740), (640,760), (660,760), (640,780), (620,760), (620,780), (600,760), (600,780), (580,760)

// Déplacements de l'unité terrestre 9 sur un horizon temporel (x_9^t, y_9^t) 
(900,220), (880,240), (860,260), (880,280), (860,300), (880,280), (900,280), (920,300), (940,300), (960,300), (960,320), (940,300), (920,280), (900,260), (880,280), (880,260), (880,280), (900,280), (920,300), (900,300), (920,320), (920,340), (940,320), (940,300), (940,280), (960,260), (940,280), (920,260), (920,240), (900,220), (920,220), (920,200), (940,220), (960,200), (940,200), (920,180), (900,200), (900,220), (920,200), (940,200), (960,180), (980,180), (960,200), (960,220), (960,200), (940,200), (940,180), (920,180), (940,160), (960,160), (980,180), (960,160), (940,180), (960,200), (940,200), (960,200), (980,200), (960,200), (980,200), (960,220), (940,200), (960,220), (980,240), (960,220), (940,220), (940,240), (940,220), (960,200), (940,180), (940,160), (940,180), (920,180), (940,200), (940,180), (960,200), (960,220), (960,240), (940,260), (940,280), (920,300), (940,280), (920,260), (900,280), (920,300), (940,320), (920,300), (920,280), (900,260), (920,240), (920,260), (920,240), (900,240), (880,240), (860,260), (880,280), (880,260), (900,260), (920,240), (940,240), (960,240)

// Déplacements de l'unité terrestre 10 sur un horizon temporel (x_10^t, y_10^t) 
(840,540), (820,520), (820,500), (800,500), (800,480), (780,500), (780,480), (780,460), (760,440), (760,420), (780,440), (800,460), (820,440), (840,420), (820,440), (820,460), (840,460), (860,440), (840,460), (860,460), (880,460), (900,440), (920,440), (920,460), (940,440), (940,420), (940,440), (960,440), (940,420), (960,440), (980,440), (960,420), (960,440), (960,460), (980,460), (960,460), (980,480), (960,480), (980,480), (960,500), (940,500), (960,480), (940,500), (920,480), (900,460), (900,440), (920,460), (920,440), (900,460), (900,440), (900,420), (900,440), (880,440), (860,460), (860,440), (840,460), (820,480), (840,460), (860,460), (880,460), (860,480), (840,460), (860,460), (880,480), (860,480), (840,500), (820,520), (820,500), (800,500), (820,500), (820,480), (840,500), (840,480), (860,460), (880,440), (860,420), (840,400), (860,420), (880,420), (860,420), (860,400), (860,380), (860,360), (840,340), (820,320), (820,300), (840,300), (820,300), (820,280), (800,280), (780,280), (800,260), (820,240), (800,220), (800,240), (780,240), (800,260), (800,240), (820,220), (820,200)

