// Déplacements de l'unité terrestre 1 sur un horizon temporel (x_1^t, y_1^t) 
(280,580), (280,600), (280,620), (300,640), (320,640), (300,640), (300,660), (320,660), (300,640), (320,660), (340,640), (320,620), (320,640), (320,620), (300,640), (280,640), (280,620), (280,640), (300,640), (320,660), (320,680), (340,680), (320,700), (340,680), (320,660), (340,640), (320,660), (320,640), (320,660), (340,660), (340,680), (360,680), (340,700), (360,680), (380,680), (380,700), (380,680), (400,700), (400,720), (420,740), (400,720), (420,700), (420,720), (400,700), (420,680), (420,660), (420,680), (400,680), (380,700), (400,720), (420,720), (420,740), (400,740), (420,740), (440,760), (440,780), (460,760), (440,740), (440,760), (420,740), (400,760), (420,760), (440,740), (440,760), (420,760), (420,780), (420,800), (440,780), (440,800), (460,800), (460,780), (480,760), (500,760), (480,780), (480,800), (500,800), (480,780), (460,760), (440,760), (460,740), (480,740), (480,720), (460,740), (480,760), (460,740), (480,760), (460,780), (480,780), (460,800), (480,780), (480,760), (480,780), (460,780), (440,800), (420,800), (400,800), (420,800), (440,800), (420,800), (400,800)

// Déplacements de l'unité terrestre 2 sur un horizon temporel (x_2^t, y_2^t) 
(280,400), (300,380), (300,360), (280,360), (300,340), (300,360), (320,360), (340,360), (340,340), (360,340), (380,340), (380,360), (360,360), (360,340), (340,360), (360,340), (360,320), (360,300), (360,280), (340,260), (320,280), (340,280), (320,300), (300,320), (280,340), (280,320), (260,320), (280,320), (300,320), (320,340), (340,360), (340,380), (320,400), (320,380), (320,360), (320,380), (300,400), (280,400), (280,380), (280,400), (280,420), (260,400), (280,400), (280,420), (300,400), (320,380), (300,400), (320,400), (300,400), (280,420), (260,400), (240,380), (220,400), (200,380), (200,400), (220,400), (200,380), (200,360), (220,340), (200,360), (180,360), (200,360), (200,340), (220,320), (220,340), (200,320), (200,340), (220,320), (240,320), (220,300), (240,280), (240,300), (260,300), (280,280), (300,300), (300,320), (320,340), (320,360), (300,340), (320,320), (300,340), (280,340), (280,360), (260,340), (280,360), (260,360), (280,380), (260,360), (260,340), (280,360), (300,360), (300,340), (280,320), (260,320), (260,300), (280,280), (280,300), (300,300), (320,320), (300,300)

// Déplacements de l'unité terrestre 3 sur un horizon temporel (x_3^t, y_3^t) 
(520,420), (500,400), (480,400), (480,380), (500,360), (500,340), (520,320), (540,300), (520,320), (520,340), (520,320), (540,340), (560,360), (580,380), (580,400), (560,420), (540,440), (560,460), (540,460), (560,460), (540,460), (560,480), (560,500), (560,520), (540,500), (520,500), (500,520), (520,500), (540,520), (520,500), (520,480), (500,460), (520,460), (540,440), (560,460), (580,440), (580,420), (560,420), (560,400), (540,400), (540,380), (520,380), (520,360), (540,360), (520,360), (540,380), (560,360), (580,380), (560,360), (580,380), (580,360), (560,360), (540,360), (560,340), (540,340), (520,320), (540,340), (560,320), (580,340), (560,320), (580,300), (580,320), (560,340), (580,340), (580,360), (600,360), (580,380), (580,400), (600,380), (580,360), (580,340), (600,340), (580,320), (560,340), (580,340), (580,320), (560,320), (580,300), (600,280), (600,260), (620,260), (640,240), (660,220), (640,200), (660,220), (640,200), (620,180), (640,180), (640,200), (660,220), (640,200), (620,200), (620,220), (600,200), (600,220), (620,200), (620,180), (640,200), (660,200), (680,200)

// Déplacements de l'unité terrestre 4 sur un horizon temporel (x_4^t, y_4^t) 
(460,260), (480,280), (480,260), (460,280), (440,300), (420,300), (400,320), (400,300), (380,300), (400,280), (400,300), (400,320), (400,340), (400,320), (420,300), (440,300), (420,300), (440,280), (460,260), (440,240), (460,240), (460,260), (440,260), (460,280), (440,260), (460,260), (440,260), (420,260), (400,260), (400,280), (420,300), (420,280), (440,300), (420,300), (420,320), (420,340), (400,340), (380,340), (400,360), (380,380), (400,400), (400,420), (380,440), (380,420), (400,440), (420,440), (400,440), (420,460), (440,440), (420,440), (440,440), (420,460), (440,480), (440,460), (460,440), (480,460), (460,460), (440,460), (420,480), (440,500), (460,480), (440,460), (420,480), (400,460), (420,480), (420,500), (400,480), (400,460), (400,440), (400,460), (420,460), (400,460), (400,440), (400,420), (380,400), (360,380), (380,360), (400,340), (380,360), (400,340), (420,320), (420,300), (400,320), (380,340), (380,320), (360,300), (380,280), (360,280), (340,300), (340,280), (340,260), (360,260), (380,260), (400,240), (380,220), (400,200), (420,180), (420,200), (400,180), (400,160)

// Déplacements de l'unité terrestre 5 sur un horizon temporel (x_5^t, y_5^t) 
(620,420), (620,400), (600,420), (600,440), (600,460), (600,440), (600,420), (580,440), (580,420), (600,420), (600,400), (580,400), (600,420), (620,400), (640,380), (640,400), (620,380), (640,400), (620,400), (640,380), (640,400), (620,380), (600,360), (580,360), (600,340), (620,360), (640,360), (660,380), (640,380), (660,360), (680,360), (700,360), (700,380), (700,400), (720,380), (700,360), (680,380), (660,400), (640,420), (640,440), (660,460), (640,440), (660,460), (680,440), (660,420), (640,420), (640,440), (640,460), (620,460), (600,480), (600,500), (580,480), (560,460), (540,440), (540,460), (520,460), (540,460), (560,460), (580,460), (600,440), (620,460), (600,480), (580,500), (600,520), (580,540), (560,520), (560,500), (560,520), (560,500), (540,520), (540,500), (540,480), (540,460), (520,460), (500,460), (520,440), (500,460), (520,460), (500,480), (500,460), (500,440), (500,420), (500,440), (480,460), (500,480), (500,460), (480,440), (460,460), (480,440), (460,420), (440,400), (440,420), (460,440), (460,460), (440,460), (460,460), (480,460), (500,440), (480,460), (460,480)

// Déplacements de l'unité terrestre 6 sur un horizon temporel (x_6^t, y_6^t) 
(580,300), (600,300), (620,320), (600,300), (620,320), (620,300), (600,300), (580,280), (600,280), (600,260), (620,260), (620,280), (600,300), (600,280), (580,260), (560,240), (580,260), (560,240), (560,220), (540,220), (520,200), (500,180), (500,200), (520,220), (500,240), (480,240), (500,240), (500,220), (480,200), (460,180), (480,180), (500,200), (480,220), (500,220), (520,240), (540,240), (560,240), (540,240), (560,240), (540,240), (520,240), (500,240), (480,260), (500,260), (520,260), (500,280), (480,280), (460,260), (480,260), (480,240), (500,240), (500,220), (480,220), (480,240), (500,260), (500,240), (480,240), (500,260), (520,260), (500,240), (520,260), (500,260), (500,280), (520,280), (520,260), (500,260), (520,260), (540,280), (540,300), (560,320), (580,320), (560,340), (580,340), (580,320), (600,340), (580,320), (560,340), (560,320), (540,300), (540,280), (520,300), (520,280), (540,280), (560,300), (540,320), (540,340), (560,320), (560,300), (540,280), (560,260), (540,240), (520,240), (500,220), (480,240), (500,260), (520,260), (520,280), (500,300), (480,320), (460,300)

// Déplacements de l'unité terrestre 7 sur un horizon temporel (x_7^t, y_7^t) 
(720,700), (720,680), (720,660), (720,680), (700,680), (700,660), (720,640), (720,620), (700,640), (700,620), (720,620), (740,620), (760,600), (780,600), (800,620), (780,640), (800,620), (820,620), (800,620), (780,640), (760,640), (760,620), (740,640), (720,660), (700,680), (680,680), (680,700), (680,720), (680,700), (680,680), (680,700), (660,680), (640,660), (640,680), (620,660), (620,640), (640,620), (660,620), (660,600), (660,620), (680,640), (660,620), (640,620), (620,600), (620,580), (640,600), (640,580), (640,560), (660,560), (640,580), (660,580), (640,580), (660,580), (680,580), (700,560), (700,580), (700,560), (700,540), (700,560), (680,580), (700,580), (680,560), (660,580), (640,580), (660,580), (680,600), (660,620), (640,600), (660,600), (680,600), (700,620), (720,600), (740,580), (720,560), (740,580), (720,580), (720,600), (700,620), (680,620), (680,600), (660,620), (660,640), (660,620), (640,640), (620,620), (600,620), (580,620), (560,640), (560,660), (580,680), (560,680), (540,660), (560,660), (560,680), (580,660), (580,640), (600,640), (620,640), (620,620), (600,620)

// Déplacements de l'unité terrestre 8 sur un horizon temporel (x_8^t, y_8^t) 
(900,100), (900,120), (880,100), (900,80), (920,60), (940,60), (960,80), (980,100), (960,80), (940,80), (940,100), (960,80), (980,60), (980,40), (980,60), (960,40), (940,40), (960,20), (980,40), (960,60), (960,40), (940,60), (920,80), (900,80), (900,100), (900,120), (920,140), (900,140), (880,120), (900,100), (900,120), (880,100), (900,100), (900,80), (880,60), (860,40), (860,60), (860,80), (840,100), (840,80), (860,100), (880,100), (860,80), (880,60), (860,40), (880,60), (900,60), (880,80), (860,60), (880,40), (900,20), (880,40), (880,20), (900,40), (880,60), (900,80), (880,60), (880,80), (860,100), (880,80), (880,100), (860,100), (880,80), (880,100), (860,80), (840,80), (820,100), (840,80), (820,80), (800,80), (780,80), (760,80), (740,100), (760,80), (740,60), (720,80), (700,100), (700,120), (680,120), (660,100), (680,80), (660,100), (660,80), (640,60), (660,80), (660,100), (680,120), (700,140), (680,160), (660,140), (680,140), (680,160), (700,180), (680,180), (700,200), (720,180), (720,200), (700,180), (700,200), (700,180)

// Déplacements de l'unité terrestre 9 sur un horizon temporel (x_9^t, y_9^t) 
(500,220), (520,200), (540,220), (560,240), (560,260), (580,240), (560,240), (580,260), (560,260), (540,260), (560,260), (580,260), (600,260), (620,260), (640,260), (640,280), (660,280), (640,260), (620,280), (640,260), (660,260), (680,260), (700,280), (680,260), (660,240), (640,220), (620,200), (640,220), (660,200), (680,200), (680,220), (680,200), (680,220), (660,240), (680,260), (660,260), (680,240), (700,260), (680,260), (660,260), (640,280), (640,300), (620,320), (620,340), (640,320), (640,300), (620,320), (600,320), (580,340), (600,320), (600,300), (580,320), (580,340), (600,360), (600,380), (580,380), (560,400), (580,420), (560,440), (540,440), (560,420), (540,420), (560,420), (580,420), (600,440), (600,420), (600,400), (620,420), (640,420), (620,440), (620,420), (640,420), (620,440), (620,420), (600,440), (580,420), (580,440), (560,440), (560,420), (540,420), (540,400), (540,420), (520,420), (540,400), (540,420), (520,400), (500,400), (520,420), (520,440), (500,420), (520,420), (540,420), (560,420), (580,440), (560,460), (580,460), (600,480), (580,500), (560,500), (560,480)

// Déplacements de l'unité terrestre 10 sur un horizon temporel (x_10^t, y_10^t) 
(740,220), (740,200), (720,220), (740,220), (720,240), (700,220), (680,200), (700,200), (680,180), (660,200), (680,220), (700,200), (720,220), (740,200), (760,180), (760,200), (760,180), (740,160), (740,180), (760,200), (780,180), (780,160), (760,140), (760,160), (780,140), (780,120), (800,100), (800,120), (800,140), (800,120), (800,140), (800,160), (820,160), (800,180), (800,200), (800,180), (780,200), (760,200), (780,180), (760,180), (760,160), (740,140), (740,160), (760,180), (760,160), (760,180), (780,160), (780,180), (760,180), (760,200), (760,180), (780,160), (800,160), (780,140), (800,120), (820,140), (820,160), (840,160), (860,160), (840,140), (820,120), (840,100), (840,120), (840,100), (840,80), (820,100), (840,120), (860,140), (840,160), (840,140), (820,160), (840,160), (820,180), (840,180), (840,160), (860,140), (840,120), (820,120), (840,100), (820,100), (800,80), (800,100), (780,100), (780,80), (780,100), (800,80), (780,80), (800,100), (800,120), (820,140), (840,120), (840,100), (840,120), (820,100), (820,120), (800,140), (800,120), (780,120), (800,140), (780,160)

