// Déplacements de l'unité terrestre 1 sur un horizon temporel (x_1^t, y_1^t) 
(900,660), (880,640), (900,640), (920,620), (900,640), (920,660), (940,640), (920,660), (940,640), (960,620), (940,620), (940,640), (960,640), (940,660), (920,680), (900,680), (880,700), (880,680), (880,700), (900,720), (920,700), (920,680), (920,660), (940,640), (920,640), (900,640), (920,660), (900,660), (900,680), (900,700), (880,680), (900,660), (920,660), (940,660), (940,680), (960,700), (940,700), (960,700), (980,680), (960,660), (960,680), (960,700), (980,680), (960,660), (940,680), (920,680), (920,700), (940,700), (920,680), (940,680), (940,700), (960,680), (980,680), (960,680), (940,660), (920,660), (920,640), (920,620), (900,600), (900,580), (880,580), (900,560), (880,540), (900,520), (920,500), (900,500), (920,500), (940,500), (920,480), (940,480), (920,460), (900,480), (900,500), (920,500), (900,480), (880,460), (860,440), (840,440), (860,460), (860,440), (840,460), (860,480), (840,480), (860,500), (840,500), (860,480), (880,500), (860,520), (880,540), (900,560), (900,580), (900,600), (920,580), (920,560), (920,540), (920,520), (940,500), (940,480), (940,460), (940,480)

// Déplacements de l'unité terrestre 2 sur un horizon temporel (x_2^t, y_2^t) 
(640,860), (660,860), (680,840), (680,820), (660,820), (680,800), (660,820), (660,800), (640,800), (620,780), (640,760), (660,780), (640,760), (620,780), (620,800), (640,800), (640,820), (660,800), (660,820), (680,820), (660,840), (660,860), (640,840), (660,840), (680,860), (660,840), (680,840), (700,860), (680,880), (660,860), (680,880), (680,860), (660,840), (680,820), (660,840), (640,820), (640,840), (620,860), (620,840), (620,860), (640,880), (620,880), (600,860), (580,880), (560,880), (540,860), (560,880), (580,900), (600,900), (600,920), (580,900), (560,900), (580,880), (600,860), (600,840), (580,840), (580,860), (580,880), (560,900), (580,880), (580,900), (560,900), (560,880), (540,900), (560,920), (540,920), (560,940), (540,940), (560,940), (540,920), (560,900), (560,920), (540,940), (560,960), (540,940), (560,940), (540,960), (560,960), (560,940), (540,940), (540,920), (520,920), (520,900), (520,880), (500,880), (480,880), (480,860), (460,840), (440,820), (460,820), (460,800), (480,780), (500,760), (500,780), (480,780), (480,800), (480,820), (500,820), (520,840), (500,820)

// Déplacements de l'unité terrestre 3 sur un horizon temporel (x_3^t, y_3^t) 
(100,600), (80,620), (60,640), (80,660), (60,660), (60,680), (40,700), (60,680), (80,700), (60,680), (40,700), (60,680), (40,660), (40,640), (40,660), (20,680), (40,660), (20,660), (40,680), (60,700), (40,700), (60,700), (80,720), (100,740), (120,760), (140,760), (120,760), (120,740), (100,760), (80,760), (100,740), (100,720), (120,720), (120,740), (140,760), (160,760), (140,760), (120,760), (100,760), (120,740), (120,760), (140,760), (120,780), (100,760), (80,740), (60,720), (40,740), (40,760), (20,740), (20,760), (20,780), (40,760), (40,780), (60,800), (60,820), (40,840), (40,820), (60,820), (60,840), (40,860), (20,860), (40,840), (60,820), (80,820), (60,840), (80,860), (100,860), (80,840), (60,840), (40,840), (20,820), (20,840), (40,840), (20,820), (20,800), (40,780), (60,800), (40,780), (40,760), (20,780), (40,780), (20,760), (20,780), (40,760), (40,780), (60,760), (80,760), (60,740), (60,760), (80,780), (80,760), (60,780), (80,800), (60,780), (40,800), (40,820), (20,840), (20,860), (20,840), (40,860)

// Déplacements de l'unité terrestre 4 sur un horizon temporel (x_4^t, y_4^t) 
(660,700), (680,700), (660,700), (660,680), (660,700), (640,700), (620,700), (640,720), (620,740), (600,760), (620,740), (640,740), (660,720), (660,700), (660,720), (660,740), (660,760), (660,780), (680,800), (700,780), (680,800), (700,800), (700,820), (680,800), (660,820), (680,800), (680,820), (680,840), (700,820), (680,820), (680,800), (660,820), (680,800), (660,780), (640,780), (620,760), (620,780), (620,800), (640,780), (620,800), (640,820), (620,800), (600,780), (580,760), (560,740), (580,740), (600,740), (620,760), (600,740), (580,740), (580,760), (600,740), (580,740), (580,760), (560,780), (580,800), (560,800), (540,780), (560,780), (560,760), (580,760), (560,760), (540,760), (540,780), (520,780), (500,800), (500,780), (480,780), (460,780), (460,800), (480,820), (500,800), (480,780), (480,800), (480,780), (480,800), (500,800), (520,820), (540,840), (560,860), (560,880), (540,880), (560,860), (580,880), (600,900), (600,880), (580,880), (560,900), (540,900), (520,900), (500,900), (520,920), (520,900), (520,920), (500,920), (520,900), (540,880), (560,880), (580,900), (560,900)

// Déplacements de l'unité terrestre 5 sur un horizon temporel (x_5^t, y_5^t) 
(180,160), (200,160), (180,140), (160,160), (140,160), (140,140), (160,140), (160,120), (160,100), (140,100), (160,100), (140,80), (140,100), (120,100), (120,120), (100,100), (120,120), (140,100), (160,80), (160,60), (160,80), (140,60), (160,80), (140,100), (120,100), (100,80), (120,80), (120,60), (140,80), (140,100), (120,100), (100,120), (120,120), (140,100), (140,120), (160,140), (140,160), (160,180), (180,200), (200,220), (200,200), (180,180), (200,160), (220,140), (220,120), (240,100), (260,120), (280,120), (280,100), (300,100), (280,80), (300,100), (280,80), (260,100), (240,80), (260,80), (280,80), (300,100), (300,80), (280,100), (260,120), (240,120), (220,140), (240,140), (260,140), (260,160), (240,180), (220,200), (240,200), (240,220), (220,200), (240,200), (260,200), (280,220), (300,240), (280,240), (300,240), (300,260), (300,240), (280,240), (300,260), (280,280), (280,260), (300,260), (320,260), (300,280), (280,300), (300,280), (280,280), (260,260), (260,280), (240,300), (240,280), (240,260), (220,240), (240,240), (220,220), (240,220), (260,240), (260,220)

// Déplacements de l'unité terrestre 6 sur un horizon temporel (x_6^t, y_6^t) 
(660,280), (680,280), (700,300), (700,280), (720,280), (700,300), (680,300), (700,300), (720,300), (740,280), (720,280), (720,260), (740,280), (740,300), (720,280), (700,280), (680,280), (660,300), (640,280), (660,280), (640,280), (620,300), (600,320), (580,340), (580,360), (560,380), (560,400), (560,380), (540,360), (520,380), (540,400), (560,380), (540,380), (540,360), (540,380), (540,360), (560,360), (580,340), (600,320), (580,340), (580,320), (560,320), (580,320), (580,300), (600,280), (620,260), (600,240), (580,220), (580,200), (600,180), (580,200), (600,220), (620,200), (640,180), (620,200), (640,180), (640,160), (620,160), (640,140), (620,120), (640,120), (660,120), (680,100), (680,80), (680,100), (700,100), (680,100), (660,120), (660,100), (660,120), (680,140), (680,160), (700,140), (700,120), (720,120), (720,140), (700,140), (680,160), (700,180), (720,200), (700,200), (680,180), (680,160), (700,140), (720,160), (740,180), (720,160), (740,180), (720,200), (740,200), (740,220), (760,200), (760,180), (780,180), (760,160), (740,140), (760,160), (760,140), (740,140), (740,160)

// Déplacements de l'unité terrestre 7 sur un horizon temporel (x_7^t, y_7^t) 
(840,320), (840,340), (820,360), (820,340), (800,340), (800,360), (780,340), (760,320), (780,320), (760,300), (740,300), (760,300), (780,300), (800,320), (820,340), (840,320), (860,340), (880,340), (880,360), (880,380), (900,380), (900,360), (920,340), (920,360), (900,340), (920,340), (900,360), (920,360), (920,380), (940,380), (940,360), (920,340), (920,320), (900,320), (920,300), (900,280), (880,300), (860,320), (860,300), (880,280), (900,300), (900,280), (920,260), (920,240), (900,240), (920,240), (940,220), (960,200), (940,180), (940,200), (940,220), (960,220), (980,240), (980,260), (980,240), (980,220), (980,200), (960,200), (980,200), (980,180), (960,180), (960,200), (980,220), (960,220), (980,220), (980,200), (980,180), (980,200), (960,200), (980,200), (980,220), (960,200), (960,180), (980,160), (980,140), (960,120), (940,100), (920,80), (920,100), (940,80), (960,100), (960,80), (960,60), (940,80), (940,60), (940,40), (940,60), (920,40), (920,20), (900,20), (920,20), (900,20), (900,40), (900,20), (900,40), (920,60), (900,80), (900,60), (920,80), (900,80)

// Déplacements de l'unité terrestre 8 sur un horizon temporel (x_8^t, y_8^t) 
(800,120), (780,100), (800,100), (800,80), (820,100), (820,120), (820,100), (820,80), (840,100), (860,100), (880,80), (880,60), (900,40), (920,20), (900,20), (880,40), (900,60), (900,80), (900,100), (920,100), (900,100), (920,80), (900,60), (880,60), (860,60), (860,80), (840,100), (840,120), (860,120), (840,140), (820,160), (820,180), (840,200), (840,180), (820,180), (840,200), (840,180), (860,200), (880,200), (860,220), (840,200), (860,220), (840,220), (860,240), (880,220), (880,240), (860,240), (880,260), (880,280), (900,260), (920,240), (920,260), (920,280), (900,300), (920,280), (900,300), (900,280), (920,300), (920,320), (900,300), (880,280), (900,300), (900,280), (920,280), (920,260), (900,280), (920,280), (920,260), (940,280), (920,260), (940,260), (920,240), (920,260), (940,260), (920,260), (900,240), (880,240), (860,220), (880,240), (880,260), (900,260), (880,280), (900,260), (920,280), (900,280), (880,280), (880,300), (860,320), (840,320), (840,300), (820,280), (820,260), (840,240), (840,260), (820,240), (800,240), (780,240), (780,260), (800,260), (780,260)

// Déplacements de l'unité terrestre 9 sur un horizon temporel (x_9^t, y_9^t) 
(80,780), (60,780), (40,760), (60,740), (40,760), (60,760), (40,740), (20,720), (20,740), (40,740), (60,720), (40,740), (20,740), (20,720), (20,700), (40,700), (40,720), (60,740), (40,740), (20,760), (40,780), (60,800), (60,780), (60,800), (80,780), (80,800), (100,780), (120,760), (120,780), (100,780), (80,800), (100,820), (120,840), (100,820), (100,840), (100,820), (100,800), (80,780), (80,760), (100,780), (120,780), (140,760), (140,780), (120,800), (120,820), (100,800), (80,820), (60,820), (40,820), (20,840), (40,820), (40,800), (20,820), (40,840), (60,840), (60,820), (80,840), (100,860), (100,880), (80,880), (100,900), (80,900), (80,880), (80,900), (60,920), (80,940), (100,920), (80,920), (100,900), (100,920), (100,940), (80,960), (80,980), (60,980), (80,960), (60,960), (40,960), (60,980), (80,960), (100,960), (100,940), (100,920), (80,900), (100,900), (120,920), (140,920), (160,920), (140,900), (120,900), (140,900), (120,920), (100,920), (100,900), (100,920), (120,900), (120,880), (120,900), (100,880), (100,900), (100,920)

// Déplacements de l'unité terrestre 10 sur un horizon temporel (x_10^t, y_10^t) 
(800,940), (780,920), (800,920), (780,900), (780,920), (760,900), (760,880), (780,880), (800,880), (780,880), (800,880), (780,900), (760,900), (760,920), (780,900), (760,920), (740,920), (720,940), (720,920), (700,900), (720,900), (720,880), (740,900), (740,920), (720,900), (740,880), (760,900), (740,920), (740,900), (760,900), (780,920), (800,940), (780,920), (760,920), (740,940), (760,920), (760,940), (740,920), (740,940), (760,920), (740,920), (720,900), (700,900), (680,880), (660,900), (640,920), (660,940), (660,960), (640,960), (660,980), (660,960), (640,960), (640,940), (640,960), (640,980), (660,960), (660,980), (680,980), (660,980), (660,960), (640,980), (660,980), (640,960), (660,960), (660,980), (640,960), (640,940), (640,920), (660,920), (640,940), (620,940), (640,960), (640,940), (640,920), (620,940), (620,920), (620,900), (600,920), (580,940), (580,920), (580,940), (560,940), (540,960), (540,980), (520,960), (540,980), (560,960), (580,960), (560,960), (540,940), (540,920), (560,920), (540,940), (520,920), (540,900), (520,920), (540,900), (560,920), (540,920), (560,920)

