// Déplacements de l'unité terrestre 1 sur un horizon temporel (x_1^t, y_1^t) 
(980,520), (980,540), (960,540), (940,540), (960,560), (940,540), (920,560), (900,580), (900,600), (900,580), (880,600), (860,580), (880,560), (900,580), (880,580), (900,600), (900,620), (880,620), (900,640), (880,620), (900,600), (920,580), (900,560), (920,560), (940,580), (960,560), (940,580), (940,560), (920,560), (900,560), (920,580), (940,560), (940,540), (960,520), (940,520), (940,500), (920,480), (940,500), (940,480), (920,460), (940,460), (920,440), (920,460), (940,480), (920,500), (940,480), (960,460), (980,480), (960,480), (980,480), (960,460), (940,480), (920,460), (940,480), (960,460), (940,440), (920,460), (900,480), (880,460), (860,480), (880,480), (860,460), (880,480), (880,500), (900,480), (900,500), (900,520), (920,520), (920,540), (940,540), (960,540), (980,540), (960,520), (940,500), (960,520), (980,540), (980,520), (960,500), (980,500), (960,500), (960,520), (980,520), (960,520), (960,540), (980,520), (960,500), (980,520), (960,540), (980,540), (980,520), (960,540), (960,560), (980,580), (980,600), (960,600), (960,620), (940,600), (940,620), (960,600), (960,620)

// Déplacements de l'unité terrestre 2 sur un horizon temporel (x_2^t, y_2^t) 
(280,280), (260,280), (280,300), (280,320), (260,300), (260,320), (260,340), (240,320), (260,300), (280,320), (260,340), (240,340), (240,360), (260,340), (280,320), (280,300), (300,320), (320,300), (300,320), (320,320), (340,340), (360,360), (380,360), (380,380), (380,400), (400,420), (380,400), (360,380), (340,360), (360,380), (380,400), (380,420), (400,420), (420,420), (440,420), (460,440), (460,420), (480,400), (460,380), (440,360), (420,340), (420,360), (400,340), (400,320), (420,340), (400,360), (380,360), (400,340), (380,320), (360,340), (380,360), (360,380), (360,360), (380,380), (360,360), (380,340), (360,360), (380,380), (380,360), (360,380), (360,400), (380,380), (400,360), (380,360), (360,360), (340,380), (360,400), (340,420), (320,420), (300,400), (280,380), (300,380), (300,400), (280,400), (300,420), (300,440), (320,460), (300,460), (280,480), (300,500), (300,520), (300,500), (320,520), (340,520), (360,540), (340,540), (340,520), (340,500), (360,480), (340,460), (320,460), (320,440), (340,420), (320,400), (320,420), (340,400), (360,400), (360,420), (340,400), (320,380)

// Déplacements de l'unité terrestre 3 sur un horizon temporel (x_3^t, y_3^t) 
(180,580), (200,560), (220,580), (240,560), (260,560), (240,580), (260,560), (260,540), (240,540), (260,520), (240,540), (240,560), (240,580), (240,600), (240,620), (220,600), (240,620), (240,640), (240,620), (220,640), (220,660), (240,680), (220,680), (200,680), (180,700), (200,680), (220,660), (220,640), (200,640), (180,640), (200,620), (200,600), (180,620), (200,640), (180,620), (160,620), (160,640), (180,660), (200,640), (220,620), (200,640), (220,640), (200,620), (220,620), (220,640), (200,660), (220,660), (240,660), (260,660), (280,660), (300,680), (320,660), (340,660), (340,680), (320,700), (320,720), (340,740), (320,720), (300,740), (320,720), (300,720), (280,700), (260,700), (280,700), (300,720), (280,740), (300,740), (280,720), (280,700), (300,700), (320,720), (340,740), (360,720), (360,740), (360,720), (380,720), (380,700), (400,720), (400,700), (420,720), (420,700), (400,680), (380,680), (380,700), (380,680), (400,700), (420,680), (400,700), (400,680), (420,680), (420,700), (440,720), (440,740), (460,760), (480,760), (500,760), (500,780), (480,780), (480,800), (480,780)

// Déplacements de l'unité terrestre 4 sur un horizon temporel (x_4^t, y_4^t) 
(360,620), (360,600), (340,600), (360,600), (380,600), (380,620), (360,640), (380,620), (360,640), (380,620), (400,620), (400,600), (420,580), (420,600), (400,600), (380,600), (360,600), (340,580), (340,600), (320,600), (320,580), (300,560), (320,580), (300,600), (320,580), (340,600), (360,620), (380,640), (360,640), (380,640), (380,660), (400,660), (400,680), (380,700), (380,720), (380,740), (380,720), (360,740), (340,720), (320,720), (340,720), (320,700), (300,700), (300,720), (320,740), (340,760), (360,780), (340,780), (320,800), (340,800), (320,820), (320,800), (320,780), (300,780), (280,780), (300,760), (320,760), (340,760), (340,780), (340,800), (320,820), (300,820), (280,800), (260,800), (280,820), (300,820), (320,840), (300,840), (320,860), (300,860), (280,860), (260,860), (260,880), (280,860), (260,860), (260,840), (260,860), (260,840), (280,860), (280,840), (260,820), (280,840), (300,840), (320,840), (340,860), (360,880), (380,900), (360,880), (360,900), (380,920), (360,900), (360,920), (340,920), (360,940), (380,940), (380,960), (400,940), (420,960), (420,980), (420,960)

// Déplacements de l'unité terrestre 5 sur un horizon temporel (x_5^t, y_5^t) 
(460,160), (440,140), (420,120), (420,140), (400,120), (380,140), (400,140), (400,120), (420,100), (440,120), (420,140), (420,120), (400,100), (400,80), (400,100), (420,80), (420,60), (400,80), (380,80), (400,100), (400,80), (380,60), (400,80), (400,100), (380,100), (400,80), (400,60), (420,60), (400,40), (420,60), (400,40), (420,40), (440,60), (420,60), (400,80), (380,60), (400,60), (420,60), (440,60), (460,40), (440,60), (420,60), (400,60), (380,80), (400,100), (380,100), (380,80), (400,100), (380,100), (360,120), (340,120), (360,120), (340,100), (340,80), (320,100), (340,100), (320,120), (340,140), (320,140), (320,160), (320,180), (300,160), (320,180), (340,160), (340,140), (360,120), (380,120), (360,140), (340,120), (360,140), (340,160), (360,160), (380,160), (360,140), (360,120), (380,120), (400,120), (380,100), (360,120), (360,100), (360,120), (380,140), (380,120), (360,100), (380,120), (360,120), (340,140), (340,160), (360,160), (340,180), (340,200), (320,180), (340,160), (320,180), (340,160), (360,140), (380,140), (360,160), (360,180), (380,200)

// Déplacements de l'unité terrestre 6 sur un horizon temporel (x_6^t, y_6^t) 
(480,680), (480,660), (480,640), (480,620), (460,600), (440,600), (460,580), (460,560), (480,580), (500,580), (520,580), (520,560), (540,540), (540,520), (540,540), (520,560), (520,580), (500,560), (520,580), (500,560), (500,580), (480,560), (500,560), (480,540), (460,560), (440,560), (440,580), (460,580), (460,560), (460,580), (440,580), (420,600), (400,600), (420,620), (400,640), (400,660), (400,680), (420,700), (420,720), (440,720), (440,700), (440,680), (440,660), (440,680), (420,680), (440,680), (420,700), (440,700), (460,680), (460,660), (440,660), (460,680), (440,700), (460,700), (480,700), (500,680), (480,680), (500,660), (520,680), (540,660), (520,660), (500,640), (520,660), (500,660), (500,640), (500,620), (520,600), (520,580), (540,600), (560,600), (540,620), (560,640), (580,660), (580,640), (560,620), (580,640), (580,660), (600,660), (620,680), (620,660), (640,640), (620,660), (620,640), (640,620), (640,640), (620,640), (600,660), (620,640), (640,640), (640,660), (640,680), (620,680), (600,700), (580,720), (600,740), (580,740), (600,760), (580,740), (580,720), (560,720)

// Déplacements de l'unité terrestre 7 sur un horizon temporel (x_7^t, y_7^t) 
(240,460), (220,460), (200,460), (200,480), (180,500), (200,520), (220,520), (200,500), (180,520), (180,540), (160,520), (180,520), (160,540), (180,560), (160,540), (160,560), (160,580), (180,580), (160,560), (160,540), (180,560), (200,580), (180,560), (200,560), (220,540), (200,540), (220,540), (200,540), (200,560), (200,540), (220,560), (240,560), (260,560), (240,540), (240,520), (220,520), (200,520), (180,540), (160,540), (140,540), (140,520), (120,500), (140,480), (160,500), (140,500), (160,500), (140,480), (120,500), (140,480), (120,500), (140,480), (160,460), (140,480), (120,500), (140,480), (120,480), (120,460), (140,460), (120,460), (100,480), (80,500), (60,520), (40,540), (20,560), (40,560), (60,540), (80,560), (100,560), (80,540), (100,540), (120,520), (100,500), (80,480), (60,500), (80,500), (80,520), (100,540), (80,540), (60,560), (80,580), (80,600), (100,600), (100,620), (120,640), (120,660), (140,640), (140,660), (120,640), (140,640), (140,620), (160,600), (160,620), (140,620), (160,640), (180,660), (160,640), (180,640), (200,620), (220,620), (220,600)

// Déplacements de l'unité terrestre 8 sur un horizon temporel (x_8^t, y_8^t) 
(580,700), (560,700), (580,720), (600,700), (620,720), (600,700), (620,720), (640,700), (620,720), (620,700), (620,680), (620,660), (640,680), (620,660), (600,640), (600,660), (620,680), (640,700), (660,700), (680,720), (660,700), (660,680), (660,700), (680,720), (680,740), (700,720), (700,740), (680,760), (680,780), (700,780), (720,800), (720,780), (720,800), (740,820), (720,820), (740,820), (760,840), (740,820), (720,820), (740,840), (760,820), (740,800), (720,820), (740,820), (720,820), (700,840), (680,860), (660,860), (640,840), (620,840), (640,840), (660,840), (640,860), (660,860), (660,840), (680,860), (700,860), (720,860), (740,880), (760,860), (780,840), (780,860), (800,880), (780,900), (800,900), (780,900), (780,920), (780,900), (800,880), (780,900), (760,920), (760,940), (760,960), (780,960), (760,980), (740,960), (720,940), (740,960), (760,940), (740,920), (740,940), (720,960), (720,980), (720,960), (740,940), (760,940), (780,960), (760,960), (760,940), (780,920), (800,900), (800,920), (800,940), (800,920), (780,940), (780,960), (800,940), (800,920), (820,900), (800,900)

// Déplacements de l'unité terrestre 9 sur un horizon temporel (x_9^t, y_9^t) 
(700,360), (720,360), (740,380), (720,380), (720,400), (700,380), (700,400), (680,420), (680,440), (660,420), (660,400), (680,400), (700,380), (720,400), (740,420), (740,440), (720,440), (700,460), (720,460), (720,440), (720,420), (700,400), (720,420), (720,400), (700,420), (720,440), (740,440), (760,460), (780,480), (760,460), (740,480), (760,500), (760,480), (740,480), (720,480), (740,460), (760,460), (740,440), (720,440), (700,440), (680,440), (700,440), (720,440), (700,460), (720,440), (700,460), (720,440), (720,420), (740,400), (740,420), (760,440), (760,420), (780,420), (760,440), (760,460), (760,440), (740,440), (740,420), (760,420), (740,420), (740,400), (720,400), (700,380), (680,380), (700,380), (700,400), (720,420), (700,420), (680,440), (700,440), (720,440), (700,440), (720,440), (740,440), (740,460), (740,480), (740,500), (720,500), (700,520), (700,540), (720,520), (740,500), (720,520), (700,500), (720,480), (740,480), (720,500), (720,480), (740,500), (760,520), (760,500), (780,520), (760,540), (740,540), (720,520), (700,520), (680,500), (660,500), (640,520), (640,500)

// Déplacements de l'unité terrestre 10 sur un horizon temporel (x_10^t, y_10^t) 
(580,560), (560,560), (540,560), (560,540), (560,560), (540,540), (520,520), (540,500), (560,520), (580,520), (580,540), (560,560), (580,540), (600,540), (580,540), (580,560), (560,580), (540,580), (520,580), (540,560), (540,580), (560,560), (560,580), (560,600), (580,620), (600,620), (600,600), (580,620), (580,600), (580,620), (600,640), (580,660), (560,660), (580,640), (600,620), (580,600), (580,580), (600,600), (580,620), (560,600), (580,620), (580,640), (580,620), (600,620), (620,620), (640,620), (620,600), (600,600), (600,620), (620,600), (620,620), (600,600), (620,600), (620,580), (600,580), (620,600), (640,580), (660,560), (660,540), (680,520), (680,500), (660,520), (640,540), (620,520), (600,540), (580,520), (600,520), (600,540), (580,540), (580,520), (580,500), (580,480), (580,460), (560,440), (560,460), (560,480), (580,500), (560,520), (560,540), (580,520), (600,520), (600,540), (580,560), (580,540), (600,560), (620,580), (600,580), (580,580), (580,600), (600,580), (580,600), (600,600), (580,620), (580,640), (560,660), (560,640), (580,660), (600,640), (580,660), (600,640)

