// Déplacements de l'unité terrestre 1 sur un horizon temporel (x_1^t, y_1^t) 
(980,560), (980,580), (960,560), (940,560), (960,580), (980,560), (980,540), (960,560), (940,560), (940,540), (920,520), (940,500), (920,480), (900,500), (900,520), (880,500), (900,500), (880,500), (860,520), (880,540), (900,540), (900,560), (880,540), (860,520), (860,540), (840,560), (820,560), (820,580), (800,580), (820,580), (800,580), (820,600), (800,620), (780,640), (780,620), (760,600), (780,600), (800,580), (780,600), (800,620), (780,600), (780,620), (800,640), (820,660), (840,660), (820,680), (840,680), (820,680), (840,680), (860,680), (860,700), (860,720), (880,700), (900,700), (900,720), (880,740), (860,720), (880,740), (880,760), (900,740), (920,720), (900,720), (920,740), (940,760), (920,760), (940,780), (920,780), (900,780), (900,760), (880,760), (900,780), (920,800), (900,780), (880,780), (880,800), (900,780), (900,760), (880,740), (900,760), (920,760), (940,760), (920,740), (940,760), (940,780), (920,800), (940,820), (940,840), (960,820), (940,820), (920,840), (900,840), (880,820), (860,800), (880,780), (860,800), (880,780), (860,780), (880,780), (860,780), (860,800)

// Déplacements de l'unité terrestre 2 sur un horizon temporel (x_2^t, y_2^t) 
(660,320), (680,340), (660,360), (640,380), (640,360), (660,360), (660,340), (660,320), (680,320), (660,340), (680,320), (660,300), (680,320), (700,300), (720,300), (700,320), (700,300), (680,280), (660,260), (660,240), (680,220), (660,220), (660,200), (680,200), (680,220), (680,240), (680,220), (680,240), (700,240), (700,260), (720,240), (740,260), (740,280), (720,280), (700,300), (680,320), (660,320), (640,340), (620,320), (600,320), (580,340), (580,320), (600,340), (580,340), (560,360), (580,340), (600,340), (600,360), (620,340), (640,360), (620,340), (620,320), (620,300), (600,320), (580,340), (600,340), (620,360), (640,360), (640,380), (660,380), (640,380), (660,380), (680,360), (660,360), (640,360), (640,340), (660,320), (680,300), (700,320), (680,300), (700,300), (720,320), (740,340), (760,340), (760,360), (740,380), (740,400), (740,380), (740,360), (720,340), (700,320), (680,320), (680,340), (700,320), (680,320), (680,340), (660,320), (680,340), (700,360), (700,380), (680,360), (660,340), (680,340), (700,360), (700,340), (720,320), (700,340), (720,320), (720,340), (740,320)

// Déplacements de l'unité terrestre 3 sur un horizon temporel (x_3^t, y_3^t) 
(660,520), (640,520), (660,500), (680,500), (660,500), (660,480), (680,460), (660,460), (680,440), (680,420), (700,400), (720,420), (700,420), (720,420), (720,440), (700,440), (720,460), (720,480), (740,480), (760,480), (760,500), (740,480), (720,460), (700,480), (680,480), (660,460), (640,480), (640,500), (660,500), (640,520), (660,500), (660,480), (680,480), (660,460), (680,460), (680,440), (700,420), (720,420), (720,440), (740,460), (760,440), (740,420), (760,440), (740,440), (720,440), (700,420), (680,440), (680,460), (680,480), (700,500), (680,520), (680,540), (660,560), (680,580), (660,560), (660,580), (640,580), (640,560), (660,540), (640,540), (640,560), (660,540), (660,560), (680,560), (660,580), (660,600), (640,600), (660,620), (680,640), (680,620), (700,600), (720,580), (700,580), (680,600), (680,580), (700,600), (680,620), (700,620), (680,620), (680,640), (680,620), (700,640), (700,660), (680,640), (660,640), (660,660), (680,640), (660,620), (680,640), (680,620), (700,600), (680,580), (660,560), (640,560), (620,580), (620,560), (600,580), (620,600), (600,620), (620,600)

// Déplacements de l'unité terrestre 4 sur un horizon temporel (x_4^t, y_4^t) 
(140,640), (160,660), (180,660), (160,660), (180,640), (160,620), (160,600), (180,620), (160,640), (180,620), (200,640), (220,640), (240,620), (220,640), (240,620), (240,640), (220,660), (220,640), (200,660), (220,640), (240,620), (220,640), (240,660), (220,660), (200,660), (180,640), (200,620), (220,640), (200,620), (200,640), (220,620), (240,640), (260,660), (240,640), (240,620), (220,620), (240,600), (220,620), (220,600), (200,600), (220,600), (240,580), (260,560), (260,580), (240,580), (220,580), (200,580), (220,580), (200,580), (220,580), (240,560), (220,540), (200,540), (220,540), (200,560), (220,560), (200,580), (220,560), (220,580), (220,600), (200,580), (200,600), (180,600), (200,620), (200,640), (180,660), (200,680), (180,660), (180,640), (200,660), (220,680), (240,660), (220,660), (200,640), (180,620), (160,600), (180,620), (160,620), (140,620), (120,620), (100,620), (80,640), (80,620), (60,640), (80,640), (100,620), (120,640), (100,620), (120,600), (100,620), (120,640), (140,660), (140,680), (160,700), (180,680), (160,680), (180,700), (160,680), (140,700), (140,720)

// Déplacements de l'unité terrestre 5 sur un horizon temporel (x_5^t, y_5^t) 
(40,600), (20,600), (40,580), (60,580), (40,600), (20,620), (20,640), (40,620), (20,640), (20,660), (20,640), (40,620), (40,640), (20,660), (40,660), (60,660), (40,660), (60,680), (40,700), (20,700), (20,680), (20,660), (40,660), (20,640), (20,660), (20,640), (40,640), (60,640), (40,640), (60,620), (80,640), (60,640), (80,640), (100,640), (80,660), (100,660), (100,680), (100,660), (80,640), (80,660), (80,680), (80,660), (60,660), (80,680), (60,660), (60,640), (40,640), (20,620), (40,620), (60,640), (80,660), (100,680), (80,660), (100,640), (80,640), (80,660), (100,640), (100,620), (100,600), (80,620), (60,600), (40,600), (20,580), (20,600), (40,580), (20,600), (20,620), (20,640), (40,660), (20,660), (40,660), (40,680), (20,660), (40,660), (20,640), (20,660), (20,640), (20,620), (20,640), (20,660), (20,680), (20,700), (20,680), (40,680), (40,660), (40,640), (20,640), (40,620), (20,640), (40,660), (60,640), (40,660), (20,640), (40,640), (20,640), (20,660), (40,660), (20,640), (40,640), (20,660)

// Déplacements de l'unité terrestre 6 sur un horizon temporel (x_6^t, y_6^t) 
(820,280), (820,260), (840,280), (820,260), (800,240), (820,240), (800,240), (800,220), (780,200), (760,200), (740,180), (720,160), (700,160), (680,160), (660,180), (660,200), (640,200), (620,200), (640,220), (660,240), (660,260), (680,280), (700,300), (720,320), (720,340), (740,320), (720,320), (740,300), (760,300), (740,300), (720,280), (740,300), (740,320), (760,300), (740,280), (720,300), (740,320), (740,340), (740,360), (760,340), (760,320), (780,320), (800,340), (820,320), (800,340), (780,360), (780,340), (780,360), (780,340), (800,320), (780,340), (780,320), (800,320), (800,300), (780,320), (780,340), (780,360), (760,340), (740,340), (720,360), (700,360), (700,380), (680,400), (680,380), (680,360), (680,380), (700,400), (720,400), (740,380), (720,380), (740,380), (720,380), (720,360), (720,340), (740,340), (720,320), (700,340), (680,360), (660,380), (640,360), (620,380), (640,380), (620,360), (640,380), (660,400), (660,420), (660,400), (680,400), (660,420), (680,440), (660,440), (660,420), (640,420), (660,420), (680,440), (660,420), (660,440), (680,440), (700,460), (700,440)

// Déplacements de l'unité terrestre 7 sur un horizon temporel (x_7^t, y_7^t) 
(140,20), (160,20), (180,20), (200,40), (200,20), (180,40), (200,40), (200,60), (200,80), (220,100), (240,100), (220,120), (200,100), (220,120), (200,120), (220,100), (220,80), (240,60), (220,60), (200,60), (220,40), (240,60), (220,40), (220,20), (200,20), (220,40), (240,40), (220,20), (200,40), (220,60), (200,60), (180,60), (160,60), (140,40), (120,20), (100,40), (120,20), (140,20), (120,20), (100,20), (120,20), (100,40), (120,40), (140,20), (140,40), (160,40), (140,20), (140,40), (120,20), (120,40), (100,40), (100,20), (80,40), (100,40), (120,20), (140,20), (140,40), (140,20), (160,20), (180,40), (180,60), (200,60), (180,40), (200,60), (180,40), (200,40), (200,60), (220,40), (220,20), (220,40), (200,60), (200,80), (200,60), (200,40), (180,20), (160,40), (140,60), (160,40), (180,40), (200,20), (180,20), (160,40), (180,20), (180,40), (160,20), (160,40), (140,40), (160,40), (140,60), (160,60), (180,80), (200,60), (180,80), (200,80), (180,80), (200,100), (180,100), (180,120), (200,120), (200,100)

// Déplacements de l'unité terrestre 8 sur un horizon temporel (x_8^t, y_8^t) 
(140,800), (140,780), (140,800), (140,820), (140,800), (140,780), (160,760), (140,760), (120,780), (140,760), (120,760), (140,780), (120,800), (140,820), (160,800), (140,780), (120,780), (100,800), (80,780), (80,760), (60,780), (40,800), (20,800), (20,780), (40,800), (60,820), (40,820), (40,800), (40,780), (20,800), (40,800), (40,820), (60,840), (80,860), (100,860), (120,860), (120,840), (100,860), (80,860), (60,840), (80,860), (60,880), (80,860), (60,880), (60,860), (80,860), (100,880), (120,880), (120,860), (100,860), (120,840), (120,860), (100,860), (80,880), (60,900), (60,880), (60,860), (60,880), (60,900), (40,900), (20,880), (40,880), (20,900), (20,880), (40,880), (60,880), (80,860), (60,840), (80,820), (100,800), (100,780), (80,780), (80,760), (60,740), (80,760), (100,740), (80,740), (60,740), (60,760), (40,780), (20,760), (40,760), (60,740), (40,740), (20,740), (40,760), (20,760), (20,740), (40,740), (20,760), (20,780), (20,800), (40,820), (40,800), (20,820), (40,840), (20,820), (40,820), (60,800), (60,820)

// Déplacements de l'unité terrestre 9 sur un horizon temporel (x_9^t, y_9^t) 
(700,520), (720,520), (700,500), (700,520), (680,520), (680,540), (700,520), (720,540), (740,520), (740,500), (720,520), (740,540), (720,540), (720,560), (700,560), (700,580), (720,600), (720,620), (700,620), (720,600), (720,580), (720,560), (740,580), (720,560), (700,540), (720,560), (740,540), (720,520), (700,540), (680,520), (680,540), (660,560), (640,540), (640,520), (640,500), (640,520), (660,540), (660,560), (660,580), (680,560), (700,560), (720,540), (740,520), (720,540), (700,540), (680,560), (700,560), (720,560), (700,580), (680,560), (680,580), (660,580), (680,580), (680,560), (700,560), (700,540), (700,560), (720,540), (740,560), (760,580), (780,600), (760,600), (740,620), (760,600), (780,600), (780,620), (760,640), (740,660), (720,680), (740,660), (760,660), (740,640), (760,640), (780,640), (780,620), (800,600), (820,620), (840,620), (820,620), (800,600), (800,620), (780,640), (760,660), (780,660), (800,680), (820,680), (820,700), (840,720), (840,740), (860,720), (840,700), (860,720), (840,740), (820,740), (840,720), (840,700), (860,680), (880,680), (880,660), (860,680)

// Déplacements de l'unité terrestre 10 sur un horizon temporel (x_10^t, y_10^t) 
(220,180), (220,200), (220,180), (200,200), (180,220), (160,220), (140,240), (160,220), (160,200), (140,220), (160,200), (140,180), (160,200), (140,200), (140,220), (140,240), (120,260), (140,240), (140,260), (120,280), (100,280), (80,260), (80,240), (100,260), (80,260), (60,260), (40,240), (20,240), (40,220), (60,220), (80,220), (100,200), (80,220), (60,200), (40,180), (60,180), (60,160), (80,140), (100,140), (100,160), (80,140), (80,120), (80,100), (60,80), (80,80), (100,60), (80,60), (100,40), (100,60), (80,80), (100,80), (80,100), (80,120), (60,100), (60,80), (40,100), (20,100), (40,100), (60,120), (80,120), (60,100), (40,100), (60,80), (60,100), (60,80), (80,100), (60,80), (60,60), (80,60), (100,80), (120,100), (100,80), (120,100), (100,120), (100,100), (120,100), (100,120), (80,120), (60,120), (40,100), (40,80), (60,100), (40,100), (60,100), (80,120), (100,120), (100,140), (80,120), (60,100), (40,100), (20,120), (20,140), (40,120), (60,140), (60,120), (60,100), (40,80), (40,60), (60,60), (80,40)

