// Déplacements de l'unité terrestre 1 sur un horizon temporel (x_1^t, y_1^t) 
(220,840), (200,860), (200,880), (220,900), (240,900), (220,900), (240,880), (260,880), (260,860), (260,840), (280,820), (300,840), (280,820), (280,840), (280,820), (300,840), (280,840), (300,820), (300,800), (300,780), (280,780), (260,760), (240,780), (260,780), (280,800), (300,780), (320,800), (300,820), (320,840), (320,860), (300,880), (320,900), (300,920), (280,940), (260,920), (280,940), (260,940), (240,960), (260,960), (240,980), (240,960), (260,940), (240,920), (260,900), (260,920), (280,900), (300,920), (300,940), (300,960), (300,980), (320,980), (300,960), (280,940), (300,920), (280,920), (300,940), (300,920), (300,940), (320,960), (340,960), (320,960), (320,940), (340,920), (360,940), (340,940), (340,920), (320,920), (340,900), (320,920), (300,900), (320,920), (340,920), (340,900), (360,920), (360,900), (360,880), (360,860), (340,880), (320,860), (300,860), (280,840), (260,820), (240,800), (240,820), (240,840), (260,860), (240,840), (220,840), (200,840), (180,840), (160,820), (180,820), (200,820), (220,840), (240,840), (260,840), (280,860), (280,880), (280,900), (260,880)

// Déplacements de l'unité terrestre 2 sur un horizon temporel (x_2^t, y_2^t) 
(100,580), (80,560), (100,540), (80,540), (100,560), (100,580), (100,560), (80,540), (80,560), (60,560), (40,540), (20,560), (40,560), (40,540), (20,520), (20,540), (40,540), (40,560), (40,580), (60,600), (40,600), (60,580), (60,600), (80,580), (60,600), (80,620), (100,600), (80,620), (100,600), (100,580), (80,580), (80,600), (100,580), (100,600), (80,600), (60,580), (80,580), (60,580), (80,600), (60,620), (80,600), (100,600), (80,620), (100,640), (100,620), (100,640), (120,660), (100,640), (100,660), (120,680), (140,680), (160,660), (140,680), (140,700), (160,700), (180,720), (180,700), (180,680), (200,660), (220,680), (220,660), (240,640), (260,620), (280,640), (280,660), (300,640), (320,660), (300,660), (320,640), (300,660), (300,640), (320,620), (300,600), (320,620), (340,640), (320,640), (300,620), (280,620), (260,620), (260,640), (240,620), (220,600), (200,580), (180,560), (200,560), (200,540), (180,540), (200,520), (180,540), (200,560), (180,540), (200,520), (220,540), (200,560), (180,540), (160,520), (180,540), (200,560), (200,540), (220,520)

// Déplacements de l'unité terrestre 3 sur un horizon temporel (x_3^t, y_3^t) 
(200,180), (220,160), (240,160), (220,140), (200,140), (220,140), (200,120), (200,140), (220,120), (240,120), (260,100), (240,120), (240,140), (260,120), (240,100), (220,100), (200,80), (180,100), (160,120), (160,100), (140,100), (140,80), (160,60), (180,40), (180,20), (160,20), (160,40), (140,60), (120,40), (140,40), (120,20), (100,40), (80,60), (80,40), (60,40), (80,40), (100,20), (80,40), (100,60), (120,40), (140,40), (160,20), (180,20), (160,40), (140,20), (160,20), (140,20), (120,20), (100,40), (80,40), (80,20), (80,40), (80,20), (100,20), (120,20), (140,20), (140,40), (120,20), (140,20), (120,20), (140,40), (140,20), (120,40), (100,20), (120,20), (100,40), (80,20), (100,20), (100,40), (80,40), (60,20), (60,40), (60,60), (80,80), (100,80), (80,60), (60,80), (60,100), (80,80), (100,60), (80,40), (60,60), (40,80), (40,100), (60,120), (60,100), (40,100), (60,100), (40,100), (40,80), (40,100), (40,80), (60,60), (80,40), (60,20), (80,20), (60,40), (40,20), (40,40), (40,20)

// Déplacements de l'unité terrestre 4 sur un horizon temporel (x_4^t, y_4^t) 
(460,420), (440,440), (420,420), (440,440), (420,440), (420,460), (400,460), (420,440), (420,420), (400,400), (380,380), (400,400), (400,420), (400,440), (420,460), (440,460), (420,480), (400,460), (380,480), (400,460), (380,460), (360,440), (360,420), (360,400), (380,380), (380,400), (380,420), (380,440), (400,420), (420,440), (420,420), (440,440), (420,420), (400,400), (380,380), (360,380), (340,380), (320,380), (320,360), (300,380), (320,360), (340,380), (360,400), (380,420), (380,440), (400,420), (420,440), (420,460), (420,480), (400,500), (380,500), (360,480), (340,460), (320,480), (320,500), (340,520), (340,500), (320,480), (340,460), (320,460), (320,480), (300,480), (300,460), (320,440), (300,420), (300,440), (280,460), (260,480), (260,500), (280,520), (300,520), (280,540), (260,540), (260,520), (240,500), (220,500), (200,500), (180,520), (160,500), (160,520), (160,500), (140,500), (120,520), (120,540), (140,540), (120,540), (100,560), (80,540), (80,560), (100,580), (120,580), (100,600), (120,620), (100,640), (120,660), (120,640), (120,620), (100,620), (120,620), (100,640)

// Déplacements de l'unité terrestre 5 sur un horizon temporel (x_5^t, y_5^t) 
(980,920), (960,920), (980,940), (960,920), (940,900), (920,880), (900,880), (880,900), (880,880), (900,860), (880,880), (860,900), (840,880), (840,900), (820,880), (840,880), (860,880), (880,880), (900,880), (920,900), (900,880), (920,860), (900,880), (900,860), (920,860), (940,880), (960,880), (960,900), (980,880), (960,900), (940,900), (920,880), (900,860), (880,860), (860,860), (880,860), (900,860), (900,880), (920,880), (900,900), (920,900), (920,880), (900,900), (900,920), (920,900), (940,920), (920,940), (920,960), (940,940), (920,940), (940,960), (920,980), (940,960), (960,940), (980,960), (960,980), (980,980), (980,960), (980,980), (960,980), (980,980), (960,960), (940,940), (920,940), (900,920), (900,900), (880,920), (880,940), (860,960), (880,940), (900,940), (920,960), (920,980), (940,980), (920,960), (900,940), (880,940), (900,940), (920,940), (920,960), (940,940), (960,920), (980,940), (960,960), (940,960), (960,960), (980,980), (960,980), (960,960), (960,980), (980,980), (960,980), (940,980), (960,980), (980,980), (960,980), (960,960), (940,960), (920,940), (940,920)

// Déplacements de l'unité terrestre 6 sur un horizon temporel (x_6^t, y_6^t) 
(500,700), (500,720), (520,700), (520,720), (500,700), (520,720), (540,700), (520,700), (500,720), (520,720), (500,720), (500,700), (480,720), (500,720), (500,740), (500,720), (520,740), (520,720), (500,720), (500,740), (520,760), (500,780), (520,800), (500,820), (500,800), (480,820), (480,800), (460,800), (480,820), (480,840), (480,860), (500,880), (520,880), (540,860), (540,840), (520,860), (500,860), (480,840), (480,860), (460,860), (440,840), (460,820), (440,840), (440,860), (440,840), (460,840), (460,820), (440,840), (420,840), (420,820), (440,820), (440,800), (440,780), (460,800), (480,820), (500,800), (480,800), (500,820), (500,800), (520,800), (500,820), (520,840), (540,820), (540,840), (520,840), (540,840), (560,820), (560,840), (560,860), (540,880), (560,880), (580,860), (600,860), (600,840), (620,820), (620,840), (640,820), (620,840), (620,860), (640,840), (660,820), (680,840), (660,860), (640,860), (640,880), (660,880), (640,860), (620,860), (620,880), (640,880), (660,880), (640,900), (660,880), (680,900), (680,920), (660,940), (680,960), (660,960), (680,940), (700,920)

// Déplacements de l'unité terrestre 7 sur un horizon temporel (x_7^t, y_7^t) 
(800,60), (820,80), (840,80), (840,100), (840,80), (820,60), (800,60), (800,80), (800,100), (780,80), (780,60), (800,60), (780,80), (780,60), (800,60), (820,40), (820,20), (800,20), (800,40), (800,60), (780,80), (780,60), (780,40), (780,20), (760,40), (740,60), (720,40), (740,40), (760,20), (780,20), (760,20), (740,40), (760,60), (780,60), (800,60), (780,40), (800,20), (780,40), (760,60), (780,40), (760,60), (780,40), (760,60), (780,60), (800,80), (800,100), (820,80), (800,60), (780,80), (800,80), (800,100), (780,80), (800,80), (780,60), (760,60), (740,80), (760,80), (740,80), (720,80), (740,80), (760,60), (780,60), (800,40), (800,20), (780,20), (800,40), (780,40), (800,20), (780,40), (760,60), (740,60), (740,80), (740,60), (740,80), (760,60), (760,40), (760,20), (740,40), (740,60), (760,60), (740,60), (760,40), (740,40), (740,20), (760,20), (780,20), (760,40), (740,20), (760,40), (760,20), (780,20), (780,40), (780,60), (760,80), (780,100), (800,100), (780,100), (780,80), (780,60), (760,80)

// Déplacements de l'unité terrestre 8 sur un horizon temporel (x_8^t, y_8^t) 
(680,880), (700,900), (680,880), (680,860), (700,860), (720,860), (740,880), (720,880), (740,900), (740,920), (740,940), (760,960), (740,940), (720,960), (720,940), (740,960), (760,940), (780,920), (800,920), (780,920), (800,920), (780,920), (780,940), (800,940), (800,920), (780,920), (760,900), (780,900), (760,920), (780,900), (800,900), (780,880), (800,880), (800,860), (800,880), (820,860), (840,860), (840,880), (860,880), (840,900), (820,920), (820,940), (800,940), (820,920), (800,920), (800,900), (820,900), (800,920), (780,940), (800,960), (780,940), (780,960), (780,980), (780,960), (760,940), (740,920), (760,940), (740,960), (720,960), (740,940), (720,940), (740,940), (720,920), (700,940), (680,960), (660,980), (640,960), (640,940), (660,920), (680,940), (700,960), (720,980), (740,960), (740,980), (720,960), (740,980), (740,960), (760,940), (740,960), (760,980), (740,980), (740,960), (760,980), (740,980), (720,960), (720,940), (720,920), (700,900), (680,920), (680,940), (660,960), (660,980), (660,960), (640,980), (660,980), (680,980), (660,960), (640,940), (660,940), (640,940)

// Déplacements de l'unité terrestre 9 sur un horizon temporel (x_9^t, y_9^t) 
(940,160), (940,180), (940,200), (960,200), (940,200), (960,180), (980,160), (960,140), (960,120), (960,100), (940,120), (920,140), (940,120), (920,100), (940,100), (960,80), (940,60), (920,60), (900,60), (920,40), (940,20), (960,40), (940,20), (960,40), (940,60), (960,40), (980,60), (960,40), (960,60), (980,40), (960,20), (940,40), (960,40), (980,40), (980,20), (980,40), (960,60), (980,80), (980,100), (960,100), (980,80), (980,100), (980,80), (960,80), (980,100), (980,120), (960,100), (940,80), (960,60), (940,80), (940,100), (920,100), (940,80), (940,60), (960,60), (940,60), (920,80), (940,60), (960,40), (980,40), (960,60), (980,80), (980,100), (960,120), (980,140), (980,160), (960,140), (940,140), (960,160), (940,180), (920,160), (920,180), (900,160), (900,180), (880,200), (860,180), (880,180), (900,160), (900,180), (920,180), (940,200), (940,180), (920,200), (920,220), (940,220), (960,200), (960,220), (980,200), (960,200), (940,200), (940,220), (940,240), (960,260), (940,240), (960,260), (940,280), (940,260), (940,280), (940,300), (940,320)

// Déplacements de l'unité terrestre 10 sur un horizon temporel (x_10^t, y_10^t) 
(580,280), (600,280), (600,260), (580,260), (580,240), (580,260), (560,260), (580,260), (600,240), (620,220), (600,240), (620,220), (640,200), (660,220), (680,200), (700,200), (700,180), (700,200), (680,220), (660,220), (660,200), (680,200), (700,200), (700,180), (700,160), (700,180), (680,160), (660,160), (680,180), (680,200), (680,180), (680,200), (700,180), (680,200), (700,180), (720,200), (700,200), (720,200), (740,200), (720,200), (700,180), (700,160), (720,180), (700,160), (680,140), (660,160), (660,180), (640,200), (640,180), (660,160), (640,180), (640,160), (620,140), (600,160), (580,140), (560,140), (540,120), (560,100), (540,120), (520,100), (520,80), (540,100), (560,120), (560,100), (580,100), (560,80), (540,80), (520,60), (520,80), (540,80), (560,80), (580,80), (600,60), (580,40), (600,40), (600,20), (620,40), (640,60), (660,80), (680,100), (700,100), (700,80), (700,60), (720,40), (740,60), (740,40), (740,60), (740,40), (740,60), (720,80), (720,100), (700,80), (720,60), (720,80), (740,80), (760,60), (780,80), (760,60), (760,80), (760,100)

