// Déplacements de l'unité terrestre 1 sur un horizon temporel (x_1^t, y_1^t) 
(920,320), (940,300), (920,280), (940,280), (920,280), (900,260), (900,280), (880,300), (880,320), (860,340), (880,320), (900,300), (880,280), (900,300), (920,320), (900,320), (920,340), (940,320), (960,300), (960,320), (980,300), (960,320), (960,300), (960,280), (940,260), (960,260), (940,240), (960,240), (960,220), (960,240), (940,260), (960,240), (940,260), (940,240), (960,220), (940,220), (920,240), (920,260), (920,240), (900,220), (900,240), (880,220), (900,220), (920,220), (900,240), (900,260), (900,240), (900,260), (880,240), (860,240), (860,220), (880,240), (860,220), (860,200), (880,200), (860,180), (840,180), (860,180), (880,180), (900,200), (900,180), (880,180), (860,180), (840,180), (840,200), (820,200), (800,220), (780,240), (780,220), (760,240), (740,220), (760,220), (740,220), (760,220), (760,240), (760,260), (760,280), (740,300), (760,280), (760,260), (740,240), (720,260), (700,260), (680,280), (660,280), (680,260), (680,240), (700,260), (680,260), (660,240), (680,260), (700,240), (720,240), (720,220), (700,200), (700,180), (680,180), (680,160), (660,140), (660,160)

// Déplacements de l'unité terrestre 2 sur un horizon temporel (x_2^t, y_2^t) 
(480,360), (500,340), (520,360), (540,360), (560,380), (540,360), (520,380), (540,400), (560,380), (580,400), (560,400), (560,380), (540,400), (560,400), (580,380), (600,360), (620,360), (640,360), (620,340), (640,360), (660,380), (680,380), (660,400), (640,380), (660,380), (680,360), (680,340), (680,360), (700,340), (700,320), (700,300), (720,300), (740,320), (740,300), (720,280), (740,280), (720,260), (720,280), (720,300), (700,300), (720,320), (720,340), (740,320), (720,340), (740,360), (720,340), (720,320), (700,300), (720,320), (740,340), (760,320), (760,300), (740,300), (720,280), (700,300), (700,320), (720,340), (720,320), (700,300), (680,320), (660,340), (640,340), (660,360), (640,380), (640,400), (620,420), (620,440), (640,440), (640,420), (640,400), (620,380), (600,360), (580,380), (560,400), (540,420), (520,440), (500,440), (520,440), (520,460), (520,440), (540,460), (560,480), (540,500), (520,520), (540,500), (520,500), (520,520), (540,500), (540,520), (540,500), (520,480), (500,500), (480,500), (480,520), (500,520), (520,520), (540,500), (560,480), (560,460), (560,480)

// Déplacements de l'unité terrestre 3 sur un horizon temporel (x_3^t, y_3^t) 
(660,60), (640,60), (620,60), (620,80), (600,60), (580,60), (580,40), (580,20), (560,40), (540,60), (540,80), (560,100), (580,80), (560,100), (560,80), (540,60), (540,80), (540,60), (520,80), (540,60), (560,40), (540,40), (520,60), (540,60), (520,60), (540,60), (520,80), (520,60), (540,40), (540,60), (520,60), (540,80), (560,60), (540,40), (560,40), (580,20), (560,40), (580,20), (560,20), (560,40), (580,60), (560,80), (540,100), (560,100), (560,120), (540,140), (520,160), (500,180), (500,160), (480,160), (460,160), (440,160), (420,140), (440,140), (420,120), (420,100), (440,120), (420,100), (440,120), (460,100), (480,100), (460,100), (440,100), (420,120), (400,120), (380,140), (360,160), (380,140), (380,160), (400,180), (420,180), (440,200), (460,200), (440,180), (460,160), (460,180), (460,160), (440,180), (420,200), (400,220), (380,200), (380,180), (380,160), (400,180), (380,180), (400,160), (420,160), (420,180), (440,160), (420,140), (400,160), (400,140), (420,140), (420,120), (440,120), (420,100), (400,120), (380,100), (400,80), (400,60)

// Déplacements de l'unité terrestre 4 sur un horizon temporel (x_4^t, y_4^t) 
(440,900), (460,920), (460,940), (440,920), (420,920), (400,940), (380,940), (400,920), (420,940), (400,960), (420,960), (440,960), (420,980), (440,980), (460,960), (460,980), (440,980), (420,960), (400,940), (380,960), (380,940), (360,940), (380,960), (380,980), (360,960), (340,960), (320,980), (300,980), (280,960), (300,960), (280,960), (300,980), (280,960), (300,980), (320,960), (300,960), (280,940), (280,960), (260,960), (260,940), (240,920), (220,920), (200,940), (180,920), (200,920), (200,900), (200,920), (180,900), (180,880), (160,880), (180,900), (180,880), (200,880), (220,860), (200,840), (220,820), (200,820), (180,840), (160,840), (140,860), (160,860), (140,860), (120,840), (100,840), (120,840), (140,820), (160,820), (140,800), (140,820), (160,820), (180,800), (200,800), (200,820), (200,800), (200,820), (200,800), (180,780), (160,780), (160,800), (140,820), (160,820), (140,800), (120,820), (140,820), (120,820), (120,840), (140,860), (120,840), (140,840), (160,820), (180,800), (200,800), (200,780), (180,780), (180,760), (200,740), (220,720), (200,740), (220,760), (220,740)

// Déplacements de l'unité terrestre 5 sur un horizon temporel (x_5^t, y_5^t) 
(520,660), (520,680), (500,680), (520,680), (520,700), (500,720), (480,700), (460,720), (440,720), (440,700), (460,720), (480,740), (480,720), (500,740), (520,720), (540,700), (520,680), (540,700), (560,680), (540,660), (520,660), (540,680), (560,700), (540,680), (560,700), (540,680), (540,700), (520,700), (500,700), (520,700), (540,680), (520,680), (500,700), (480,700), (460,680), (440,700), (420,720), (420,740), (400,760), (380,760), (400,740), (420,720), (440,700), (460,700), (460,680), (480,700), (500,680), (520,680), (520,660), (540,640), (540,660), (560,660), (560,640), (580,620), (580,640), (600,640), (620,620), (620,640), (600,620), (620,600), (640,620), (620,600), (640,620), (620,620), (620,600), (620,580), (620,560), (600,560), (580,580), (560,560), (540,540), (560,520), (560,540), (540,560), (520,560), (500,560), (480,560), (480,580), (500,560), (480,540), (500,560), (500,580), (480,580), (500,600), (520,580), (500,600), (480,580), (500,580), (520,560), (500,580), (500,560), (480,540), (460,560), (440,580), (460,560), (440,540), (460,540), (440,560), (440,580), (460,580)

// Déplacements de l'unité terrestre 6 sur un horizon temporel (x_6^t, y_6^t) 
(20,480), (20,500), (20,520), (40,500), (40,520), (60,520), (40,500), (40,480), (40,500), (60,500), (40,520), (20,500), (20,480), (40,460), (60,460), (80,460), (60,480), (60,460), (60,440), (40,440), (20,440), (40,460), (40,480), (40,460), (20,480), (20,460), (40,480), (60,480), (40,480), (20,500), (40,520), (60,520), (40,540), (60,520), (80,500), (100,500), (80,520), (60,520), (40,500), (60,500), (80,520), (80,540), (60,560), (40,580), (20,560), (40,580), (40,600), (60,600), (80,600), (100,600), (120,620), (120,600), (140,620), (120,600), (120,620), (100,600), (80,580), (100,560), (120,560), (100,560), (100,580), (80,580), (100,560), (80,540), (100,520), (120,540), (100,520), (80,540), (80,520), (60,500), (60,520), (60,500), (80,520), (60,540), (40,560), (40,580), (60,560), (40,580), (60,580), (40,580), (20,600), (20,620), (40,620), (40,640), (20,620), (40,640), (40,660), (40,640), (20,620), (20,600), (40,580), (40,600), (40,620), (60,640), (80,660), (60,660), (80,660), (80,640), (100,620), (80,620)

// Déplacements de l'unité terrestre 7 sur un horizon temporel (x_7^t, y_7^t) 
(820,100), (840,80), (820,100), (840,80), (840,60), (820,80), (840,80), (820,80), (840,80), (860,80), (840,100), (840,80), (840,60), (860,80), (880,100), (880,120), (880,140), (880,160), (880,180), (900,200), (880,220), (880,240), (860,220), (840,200), (860,220), (880,220), (900,220), (900,240), (900,260), (880,280), (880,300), (860,320), (860,340), (840,320), (820,300), (840,320), (840,300), (840,280), (840,260), (860,260), (840,240), (820,240), (800,260), (820,280), (820,260), (840,260), (860,240), (880,220), (860,240), (880,220), (900,220), (920,200), (940,220), (920,200), (920,180), (920,160), (900,160), (880,180), (900,200), (920,220), (940,200), (940,180), (920,200), (940,180), (960,160), (940,160), (940,180), (920,160), (900,160), (900,140), (880,160), (900,180), (880,180), (880,200), (900,200), (880,220), (860,240), (860,220), (880,200), (900,200), (920,220), (900,220), (900,200), (920,200), (920,220), (940,240), (920,260), (920,240), (940,260), (920,280), (940,300), (940,320), (960,300), (960,320), (940,320), (960,300), (940,300), (940,280), (920,300), (940,300)

// Déplacements de l'unité terrestre 8 sur un horizon temporel (x_8^t, y_8^t) 
(740,880), (760,880), (740,880), (740,860), (720,840), (740,860), (760,860), (780,840), (800,860), (820,840), (800,820), (780,800), (800,820), (780,840), (780,860), (800,880), (780,880), (760,900), (760,880), (760,900), (740,880), (740,860), (760,840), (780,840), (760,820), (760,840), (740,840), (740,860), (740,880), (740,860), (760,880), (780,880), (800,900), (820,900), (800,920), (820,940), (800,920), (780,920), (760,940), (760,960), (780,980), (760,960), (740,940), (760,960), (780,980), (800,980), (780,980), (780,960), (780,940), (780,960), (760,980), (780,980), (760,980), (780,980), (780,960), (800,980), (780,960), (800,980), (820,980), (840,960), (860,960), (880,940), (900,940), (920,960), (900,940), (900,920), (900,900), (880,880), (900,860), (920,840), (940,820), (960,800), (940,780), (920,760), (900,780), (920,780), (920,800), (920,820), (940,840), (960,860), (940,880), (940,860), (920,840), (940,820), (960,820), (960,840), (940,860), (960,880), (980,900), (960,880), (940,860), (920,840), (940,860), (960,840), (960,820), (980,820), (960,800), (960,780), (980,780), (980,760)

// Déplacements de l'unité terrestre 9 sur un horizon temporel (x_9^t, y_9^t) 
(940,560), (960,540), (960,520), (980,520), (980,500), (980,520), (960,500), (940,520), (920,500), (940,480), (920,480), (900,480), (900,500), (880,500), (880,520), (860,500), (860,480), (860,460), (880,460), (860,460), (880,460), (860,460), (880,460), (860,440), (840,460), (820,440), (800,440), (780,460), (780,480), (800,500), (780,520), (800,520), (800,540), (800,520), (820,540), (840,540), (820,560), (800,580), (780,580), (800,580), (820,600), (800,620), (800,600), (820,620), (840,640), (820,660), (800,640), (800,620), (820,620), (840,620), (820,620), (840,620), (860,600), (840,580), (820,600), (820,620), (840,620), (860,620), (840,620), (860,620), (860,640), (880,640), (900,660), (920,660), (940,640), (920,660), (900,680), (900,700), (920,720), (900,720), (900,740), (880,720), (880,740), (860,760), (860,740), (840,760), (820,740), (840,760), (840,740), (860,740), (880,740), (880,760), (900,780), (900,760), (880,780), (860,800), (840,780), (860,800), (860,820), (840,800), (860,800), (840,820), (820,840), (840,860), (820,840), (800,860), (800,880), (820,860), (800,880), (820,860)

// Déplacements de l'unité terrestre 10 sur un horizon temporel (x_10^t, y_10^t) 
(480,300), (480,320), (500,320), (480,320), (480,300), (500,300), (500,320), (480,300), (460,280), (480,260), (460,240), (480,260), (460,240), (480,220), (480,240), (460,260), (480,280), (460,280), (460,260), (480,240), (460,260), (460,280), (480,260), (460,280), (440,280), (440,300), (440,280), (440,300), (420,280), (400,300), (420,320), (440,320), (440,340), (420,360), (440,340), (460,340), (440,360), (460,360), (440,380), (420,360), (420,380), (420,360), (440,340), (420,360), (440,380), (420,400), (440,400), (460,420), (440,400), (440,380), (420,380), (440,360), (460,340), (480,340), (480,320), (480,340), (480,360), (500,340), (480,320), (480,340), (480,320), (480,340), (500,360), (480,340), (500,320), (500,300), (480,320), (480,300), (480,320), (480,340), (460,320), (480,320), (460,320), (480,300), (500,280), (500,260), (520,240), (500,220), (520,220), (500,200), (520,220), (520,240), (500,220), (500,240), (520,260), (540,280), (540,260), (560,260), (540,280), (560,280), (580,280), (580,260), (560,260), (580,280), (600,300), (580,300), (560,300), (540,320), (560,300), (580,320)

