// Déplacements de l'unité terrestre 1 sur un horizon temporel (x_1^t, y_1^t) 
(980,280), (960,300), (980,320), (980,300), (980,280), (960,260), (940,260), (940,240), (960,220), (960,200), (940,220), (960,200), (960,180), (940,160), (920,160), (940,180), (920,160), (940,140), (920,120), (920,140), (920,120), (900,100), (900,80), (900,100), (920,120), (940,140), (960,160), (960,140), (940,120), (940,100), (960,80), (960,60), (980,60), (960,80), (940,60), (920,60), (920,40), (900,40), (880,40), (900,60), (900,40), (880,40), (880,60), (900,60), (920,80), (900,60), (920,80), (940,60), (920,60), (940,60), (960,40), (960,60), (940,60), (940,80), (940,100), (940,80), (940,100), (960,100), (940,80), (920,80), (940,100), (940,80), (920,60), (900,60), (900,80), (920,100), (940,80), (940,100), (940,120), (960,100), (940,80), (920,60), (900,60), (900,80), (880,80), (900,100), (880,100), (900,100), (920,100), (920,80), (900,80), (920,80), (940,60), (920,40), (940,60), (920,40), (920,60), (940,40), (960,40), (980,20), (980,40), (960,40), (980,60), (980,80), (960,60), (940,40), (960,20), (940,20), (920,40), (940,40)

// Déplacements de l'unité terrestre 2 sur un horizon temporel (x_2^t, y_2^t) 
(760,840), (780,860), (800,840), (820,820), (800,800), (820,820), (820,800), (840,800), (820,780), (840,800), (840,780), (820,780), (800,780), (820,780), (840,760), (860,760), (880,780), (860,780), (840,800), (840,820), (820,820), (820,840), (840,860), (840,880), (840,860), (820,840), (840,860), (840,840), (820,840), (800,820), (820,820), (800,840), (800,860), (800,880), (820,880), (800,880), (780,880), (760,860), (740,860), (720,860), (720,840), (720,820), (720,800), (740,780), (720,760), (740,740), (760,720), (760,700), (740,680), (720,700), (740,680), (740,660), (740,640), (740,660), (740,680), (760,700), (780,680), (800,660), (780,680), (760,660), (760,680), (780,680), (800,660), (800,640), (780,660), (800,680), (820,680), (840,700), (860,700), (840,720), (860,740), (880,740), (900,740), (880,760), (860,760), (880,780), (860,760), (860,780), (880,760), (880,740), (860,760), (860,740), (840,720), (840,700), (820,700), (800,720), (780,700), (760,700), (740,680), (720,700), (740,700), (760,720), (760,700), (780,680), (800,660), (800,680), (800,660), (780,680), (800,680), (780,660)

// Déplacements de l'unité terrestre 3 sur un horizon temporel (x_3^t, y_3^t) 
(720,80), (700,100), (680,120), (700,140), (680,160), (700,140), (700,120), (720,100), (740,100), (740,80), (720,80), (700,60), (680,80), (660,60), (680,40), (660,20), (680,40), (700,60), (720,80), (700,100), (720,100), (720,80), (700,60), (720,60), (740,60), (760,40), (780,40), (760,40), (760,60), (740,40), (720,20), (700,20), (680,40), (680,60), (700,40), (680,20), (680,40), (660,20), (660,40), (660,20), (660,40), (640,60), (660,60), (680,40), (660,20), (680,20), (700,20), (720,20), (700,20), (700,40), (680,60), (700,60), (720,80), (720,100), (700,120), (700,140), (720,140), (740,120), (760,140), (780,140), (760,160), (760,140), (740,140), (720,120), (740,120), (760,140), (760,160), (740,180), (760,160), (740,140), (760,120), (740,140), (760,140), (780,140), (800,140), (820,140), (840,140), (840,120), (820,140), (840,140), (820,160), (800,160), (820,180), (820,160), (820,140), (840,120), (820,140), (800,160), (820,180), (840,160), (820,160), (820,180), (820,160), (840,140), (860,160), (860,180), (880,180), (900,180), (880,200), (860,180)

// Déplacements de l'unité terrestre 4 sur un horizon temporel (x_4^t, y_4^t) 
(380,940), (400,940), (420,940), (440,960), (420,940), (400,920), (420,940), (400,940), (400,920), (380,940), (380,920), (380,900), (360,920), (340,920), (340,900), (360,920), (340,920), (340,940), (340,960), (360,960), (340,980), (360,960), (380,940), (360,920), (380,900), (360,900), (360,920), (360,900), (380,900), (360,900), (360,880), (340,880), (360,900), (380,900), (400,880), (380,900), (400,900), (420,900), (440,900), (440,920), (420,920), (400,940), (380,920), (400,900), (380,920), (360,940), (380,940), (400,960), (420,980), (440,980), (420,960), (400,960), (420,940), (440,960), (460,980), (480,960), (500,940), (480,920), (460,940), (440,920), (440,940), (460,920), (440,940), (440,920), (460,940), (480,940), (460,940), (440,960), (440,940), (420,920), (420,900), (420,920), (400,900), (420,880), (400,900), (380,920), (360,900), (340,880), (360,880), (340,880), (360,880), (340,900), (320,920), (340,900), (360,900), (340,880), (320,900), (300,900), (320,920), (320,940), (300,940), (280,960), (260,960), (240,980), (240,960), (240,980), (260,960), (260,940), (240,920), (220,900)

// Déplacements de l'unité terrestre 5 sur un horizon temporel (x_5^t, y_5^t) 
(160,780), (160,760), (140,760), (120,760), (140,780), (140,760), (160,760), (160,740), (140,740), (160,760), (140,760), (160,740), (140,760), (120,760), (140,760), (140,780), (120,800), (100,800), (80,780), (100,800), (80,820), (100,820), (100,800), (100,820), (100,840), (120,840), (140,840), (160,860), (140,880), (120,860), (140,860), (120,880), (140,880), (160,860), (140,860), (160,880), (160,900), (180,880), (200,860), (220,840), (220,820), (240,820), (260,800), (280,780), (260,760), (280,760), (300,780), (320,760), (340,780), (360,760), (340,780), (360,780), (380,760), (400,740), (420,720), (400,720), (380,720), (400,700), (400,720), (420,740), (400,720), (400,740), (420,720), (420,740), (420,720), (400,700), (420,680), (440,700), (440,720), (460,740), (460,760), (480,740), (460,740), (440,740), (420,740), (400,740), (420,760), (440,760), (460,760), (440,740), (420,740), (400,720), (420,700), (400,700), (420,680), (440,700), (460,720), (480,740), (500,740), (480,760), (460,760), (480,780), (500,780), (500,760), (480,780), (480,800), (460,800), (440,780), (440,800), (420,800)

// Déplacements de l'unité terrestre 6 sur un horizon temporel (x_6^t, y_6^t) 
(520,360), (500,380), (520,380), (540,380), (520,360), (540,340), (520,320), (500,340), (520,320), (540,320), (560,300), (560,320), (540,320), (560,340), (580,340), (600,320), (580,340), (560,320), (560,340), (560,320), (580,320), (560,320), (580,320), (580,340), (600,320), (620,340), (640,340), (640,360), (620,360), (600,360), (620,360), (600,360), (600,340), (600,360), (600,380), (580,380), (600,400), (620,380), (600,400), (580,400), (560,400), (560,380), (560,360), (540,340), (520,320), (500,340), (480,340), (500,320), (500,340), (500,360), (480,340), (480,320), (460,300), (460,280), (480,300), (460,320), (480,320), (480,340), (480,320), (460,300), (440,320), (440,300), (460,280), (480,260), (500,280), (520,280), (500,300), (480,300), (500,320), (520,320), (500,320), (480,320), (500,300), (500,320), (500,340), (500,360), (480,340), (460,360), (480,360), (480,340), (460,320), (440,300), (440,320), (420,340), (420,360), (420,340), (420,360), (440,340), (440,360), (440,380), (420,400), (440,420), (460,400), (440,400), (420,400), (440,420), (420,440), (440,420), (420,400), (440,400)

// Déplacements de l'unité terrestre 7 sur un horizon temporel (x_7^t, y_7^t) 
(540,540), (520,520), (520,540), (540,540), (520,520), (540,500), (560,500), (580,480), (600,460), (620,460), (620,440), (640,460), (620,480), (620,500), (600,480), (620,480), (620,460), (640,440), (660,440), (640,440), (620,440), (600,420), (580,440), (580,460), (580,440), (580,460), (580,440), (560,460), (540,480), (560,500), (560,520), (580,520), (560,520), (540,500), (540,520), (520,540), (520,520), (500,500), (480,480), (460,460), (480,460), (480,480), (460,480), (460,500), (480,500), (480,520), (500,540), (480,560), (500,540), (500,520), (480,500), (460,520), (480,540), (480,520), (500,500), (480,480), (460,500), (480,480), (460,460), (460,480), (440,480), (460,480), (440,500), (420,520), (400,500), (420,500), (420,480), (440,460), (420,460), (400,440), (420,420), (440,420), (420,420), (440,420), (440,440), (420,440), (420,460), (420,480), (440,480), (440,500), (460,500), (440,480), (460,460), (440,440), (440,460), (420,440), (420,460), (440,440), (420,460), (440,480), (420,460), (420,480), (400,480), (400,500), (380,500), (360,500), (380,480), (380,500), (360,500), (360,520)

// Déplacements de l'unité terrestre 8 sur un horizon temporel (x_8^t, y_8^t) 
(860,40), (860,20), (840,40), (860,60), (880,60), (900,80), (880,80), (900,100), (900,80), (880,60), (880,80), (880,60), (880,40), (900,40), (920,20), (940,20), (960,40), (940,20), (920,20), (940,20), (940,40), (960,40), (980,20), (960,20), (940,20), (960,20), (980,40), (960,60), (940,60), (920,40), (920,60), (900,40), (900,60), (880,40), (900,40), (920,60), (900,60), (920,80), (940,100), (960,120), (980,140), (980,160), (960,140), (940,160), (940,180), (920,180), (940,160), (920,140), (900,120), (920,100), (920,80), (920,100), (940,120), (920,120), (900,100), (920,120), (900,120), (920,100), (940,80), (920,80), (900,100), (920,100), (940,80), (920,100), (900,120), (920,140), (900,120), (920,100), (940,120), (960,140), (940,160), (940,180), (960,200), (960,180), (980,200), (980,220), (960,240), (980,220), (960,200), (940,180), (920,160), (940,140), (940,160), (960,160), (980,160), (980,140), (960,140), (940,140), (920,120), (900,140), (900,120), (880,100), (860,120), (860,100), (880,100), (900,120), (900,140), (880,140), (880,120), (900,100)

// Déplacements de l'unité terrestre 9 sur un horizon temporel (x_9^t, y_9^t) 
(940,40), (940,20), (940,40), (940,60), (960,40), (940,40), (960,60), (960,40), (940,20), (960,20), (980,40), (960,20), (940,20), (960,20), (940,40), (960,20), (960,40), (980,60), (980,40), (960,20), (940,20), (940,40), (920,40), (900,20), (900,40), (920,60), (920,40), (920,20), (920,40), (940,60), (960,80), (940,100), (920,120), (940,100), (940,80), (920,80), (940,60), (960,40), (960,20), (940,40), (960,60), (960,40), (960,60), (980,60), (960,60), (980,40), (980,20), (960,20), (940,40), (920,20), (940,20), (920,20), (900,20), (920,20), (940,20), (920,20), (900,20), (880,40), (880,60), (860,60), (880,40), (880,20), (900,40), (900,60), (880,80), (900,60), (880,40), (900,40), (880,60), (900,60), (880,80), (860,80), (880,80), (900,80), (920,80), (900,100), (920,80), (920,60), (900,40), (880,60), (900,80), (920,80), (900,80), (880,60), (900,40), (900,20), (880,20), (860,20), (840,40), (820,20), (840,20), (820,40), (800,40), (780,20), (760,40), (780,40), (800,20), (820,20), (820,40), (800,60)

// Déplacements de l'unité terrestre 10 sur un horizon temporel (x_10^t, y_10^t) 
(900,200), (920,180), (940,180), (960,200), (960,180), (980,200), (980,180), (960,200), (940,200), (960,180), (960,160), (940,160), (940,180), (920,160), (900,140), (920,140), (900,120), (880,140), (900,160), (920,160), (940,160), (960,160), (980,180), (980,160), (980,140), (960,160), (940,160), (940,180), (940,160), (960,160), (980,180), (960,200), (940,180), (960,160), (960,140), (980,120), (960,120), (980,100), (960,80), (980,60), (980,40), (980,60), (980,40), (980,20), (980,40), (980,20), (980,40), (960,20), (940,40), (960,40), (980,20), (960,40), (940,20), (960,20), (980,40), (960,40), (980,20), (960,40), (940,60), (920,80), (940,80), (920,60), (920,40), (920,20), (940,20), (940,40), (960,40), (940,60), (920,40), (940,60), (920,60), (940,40), (960,40), (940,60), (920,40), (920,60), (920,80), (920,60), (940,80), (940,100), (960,100), (980,80), (960,60), (960,80), (980,60), (960,40), (980,40), (980,20), (980,40), (980,20), (960,20), (940,20), (920,20), (900,20), (920,40), (900,20), (920,20), (900,40), (900,20), (880,40)

