// Déplacements de l'unité terrestre 1 sur un horizon temporel (x_1^t, y_1^t) 
(360,120), (340,120), (340,140), (360,140), (380,160), (360,180), (360,160), (380,160), (380,180), (360,180), (380,180), (400,160), (400,140), (380,140), (380,160), (380,180), (400,180), (420,160), (400,180), (380,180), (360,160), (360,180), (360,200), (380,180), (400,180), (400,200), (420,180), (440,200), (460,180), (480,160), (460,180), (480,180), (480,200), (460,200), (440,200), (440,180), (460,160), (440,160), (420,180), (420,200), (440,200), (460,180), (440,200), (440,220), (420,220), (440,220), (440,240), (420,240), (400,260), (380,280), (400,280), (420,300), (420,320), (400,340), (380,320), (380,340), (360,360), (380,360), (400,340), (420,360), (420,340), (400,360), (400,380), (380,360), (360,380), (380,360), (380,340), (360,320), (340,340), (360,320), (340,300), (360,320), (380,320), (380,300), (360,320), (380,340), (360,320), (360,340), (380,320), (360,300), (340,280), (320,300), (320,280), (340,260), (340,240), (320,260), (340,280), (360,260), (340,260), (360,240), (340,260), (320,240), (320,220), (300,240), (320,260), (340,280), (360,280), (360,300), (340,320), (340,300)

// Déplacements de l'unité terrestre 2 sur un horizon temporel (x_2^t, y_2^t) 
(760,860), (740,860), (740,840), (720,860), (720,880), (740,900), (720,880), (720,860), (740,840), (720,820), (700,820), (720,820), (720,800), (700,820), (700,800), (700,820), (680,840), (660,860), (640,860), (620,840), (620,860), (640,860), (640,840), (620,860), (640,840), (640,820), (660,840), (680,860), (660,860), (680,880), (680,860), (700,840), (680,820), (660,840), (680,820), (700,820), (680,820), (680,840), (660,860), (660,880), (660,900), (660,920), (660,900), (680,880), (700,900), (680,920), (660,900), (640,880), (640,860), (640,840), (640,820), (660,820), (680,800), (700,800), (700,820), (680,800), (680,820), (680,800), (660,780), (680,800), (660,820), (660,800), (660,780), (660,800), (640,820), (640,840), (620,860), (600,880), (620,860), (620,880), (640,880), (660,900), (640,920), (660,900), (680,920), (680,900), (700,880), (720,860), (720,840), (720,820), (700,820), (720,840), (740,840), (740,820), (720,820), (700,820), (720,840), (720,820), (740,820), (740,800), (720,800), (740,800), (740,820), (740,800), (760,800), (740,800), (720,780), (720,800), (740,780), (760,800)

// Déplacements de l'unité terrestre 3 sur un horizon temporel (x_3^t, y_3^t) 
(580,160), (560,160), (580,180), (560,160), (540,160), (540,140), (560,160), (540,140), (540,120), (540,140), (520,140), (540,140), (560,140), (580,140), (580,160), (600,160), (600,140), (580,120), (560,140), (540,120), (520,100), (500,100), (520,120), (500,120), (480,140), (460,160), (480,160), (500,180), (520,200), (500,200), (500,220), (520,220), (540,240), (520,240), (520,220), (540,220), (560,200), (560,180), (580,160), (600,180), (620,200), (600,180), (620,200), (600,220), (600,240), (620,220), (620,200), (640,180), (640,160), (660,140), (680,160), (700,140), (700,160), (700,180), (680,200), (700,180), (720,200), (700,180), (720,200), (700,200), (700,220), (680,240), (680,260), (700,260), (680,240), (680,260), (680,240), (660,240), (640,220), (660,240), (660,260), (660,280), (680,300), (680,320), (680,340), (660,340), (680,320), (660,340), (680,360), (660,360), (660,380), (660,360), (680,340), (660,360), (640,360), (640,380), (660,380), (660,360), (680,380), (700,400), (700,420), (700,440), (720,420), (740,400), (740,380), (720,380), (700,380), (720,400), (700,400), (700,420)

// Déplacements de l'unité terrestre 4 sur un horizon temporel (x_4^t, y_4^t) 
(80,260), (100,280), (100,260), (120,280), (100,300), (80,300), (80,280), (80,300), (60,320), (60,340), (60,360), (80,340), (100,320), (80,340), (100,340), (100,360), (80,360), (100,360), (100,340), (80,320), (100,320), (120,300), (140,280), (160,280), (140,260), (160,280), (160,260), (180,280), (200,260), (180,280), (160,280), (180,300), (160,320), (180,340), (160,360), (160,380), (180,400), (200,420), (180,400), (200,380), (200,400), (220,400), (200,420), (180,400), (200,400), (200,420), (180,440), (200,440), (180,440), (160,460), (140,440), (120,440), (140,460), (160,460), (180,460), (160,460), (180,480), (180,500), (160,520), (160,500), (180,480), (160,480), (160,460), (140,460), (120,480), (100,480), (120,480), (100,480), (120,480), (140,460), (160,480), (160,500), (180,480), (160,500), (180,500), (160,500), (140,500), (140,480), (120,500), (140,520), (160,520), (180,540), (160,520), (180,520), (160,540), (180,520), (160,540), (140,520), (120,520), (120,540), (140,560), (140,580), (120,600), (100,620), (80,620), (100,620), (120,620), (120,600), (120,580), (140,600)

// Déplacements de l'unité terrestre 5 sur un horizon temporel (x_5^t, y_5^t) 
(260,960), (280,980), (300,960), (300,940), (280,960), (300,940), (300,960), (320,960), (320,980), (340,960), (360,940), (340,940), (340,960), (360,980), (380,980), (400,980), (420,960), (400,980), (380,960), (360,940), (340,960), (320,960), (300,960), (280,980), (300,960), (280,960), (300,980), (280,980), (300,980), (300,960), (280,960), (300,980), (320,960), (340,980), (340,960), (340,980), (320,980), (340,960), (340,980), (360,960), (340,980), (320,960), (300,940), (320,940), (300,920), (320,920), (320,940), (320,960), (320,980), (300,980), (280,960), (260,960), (260,980), (280,960), (260,980), (240,960), (260,960), (240,960), (240,940), (240,920), (260,900), (280,880), (300,900), (280,900), (260,900), (280,900), (260,900), (280,900), (300,900), (300,920), (280,900), (300,880), (300,860), (300,880), (320,900), (340,880), (320,900), (320,880), (300,900), (320,900), (340,880), (340,860), (320,860), (300,840), (320,840), (300,860), (300,880), (320,880), (320,860), (340,880), (320,900), (300,920), (280,900), (300,880), (280,880), (280,900), (300,900), (320,900), (300,880), (320,880)

// Déplacements de l'unité terrestre 6 sur un horizon temporel (x_6^t, y_6^t) 
(220,820), (220,800), (200,820), (200,840), (200,820), (200,840), (200,860), (200,880), (180,900), (200,920), (180,920), (160,920), (160,940), (140,960), (120,980), (140,980), (160,980), (160,960), (140,960), (160,940), (160,920), (140,900), (140,880), (160,900), (180,880), (180,860), (160,860), (180,880), (180,900), (160,900), (140,900), (120,900), (120,880), (120,860), (120,880), (120,860), (140,880), (140,900), (120,920), (100,940), (100,960), (120,940), (100,960), (80,960), (80,980), (60,980), (80,960), (60,960), (40,980), (20,980), (40,960), (60,960), (40,940), (20,960), (20,940), (20,960), (20,980), (20,960), (20,940), (40,940), (40,960), (60,940), (60,920), (80,940), (100,940), (100,960), (120,960), (140,940), (140,960), (140,980), (160,960), (180,980), (180,960), (180,980), (200,980), (220,960), (240,980), (220,980), (240,960), (260,960), (240,940), (220,960), (240,980), (260,960), (240,960), (220,940), (240,920), (240,940), (260,960), (240,960), (220,940), (200,960), (200,980), (220,980), (200,960), (200,940), (180,920), (200,900), (200,880), (180,860)

// Déplacements de l'unité terrestre 7 sur un horizon temporel (x_7^t, y_7^t) 
(580,720), (600,700), (620,680), (600,660), (620,680), (640,660), (640,640), (620,660), (620,640), (600,620), (620,620), (640,600), (640,580), (620,600), (620,620), (600,640), (580,660), (580,680), (600,660), (600,640), (580,660), (600,660), (580,660), (600,640), (600,620), (620,620), (640,640), (620,620), (620,600), (640,580), (660,600), (660,620), (660,600), (660,620), (680,600), (680,580), (700,580), (680,580), (700,560), (720,560), (720,580), (720,560), (700,540), (720,520), (740,520), (760,500), (740,520), (720,540), (740,520), (720,500), (700,520), (680,540), (700,560), (680,580), (700,580), (680,560), (680,540), (700,540), (700,560), (720,580), (700,560), (720,540), (700,560), (720,560), (700,580), (720,600), (740,580), (760,560), (760,540), (740,560), (720,540), (700,560), (680,540), (680,560), (660,540), (640,520), (620,500), (640,520), (620,540), (620,560), (620,580), (620,600), (600,580), (620,580), (600,580), (620,560), (620,540), (620,560), (620,540), (620,520), (640,540), (620,520), (640,520), (660,540), (640,540), (660,560), (680,580), (700,560), (720,580), (720,600)

// Déplacements de l'unité terrestre 8 sur un horizon temporel (x_8^t, y_8^t) 
(960,580), (960,560), (960,540), (960,520), (940,540), (960,520), (980,540), (960,560), (940,540), (920,520), (940,540), (920,540), (940,540), (940,520), (940,500), (920,500), (940,520), (940,540), (920,540), (920,560), (900,540), (900,520), (900,500), (880,480), (860,460), (880,460), (900,460), (920,460), (920,480), (900,460), (880,460), (860,480), (840,460), (840,440), (860,460), (880,480), (880,500), (900,500), (880,500), (860,520), (860,540), (860,520), (840,500), (820,480), (800,500), (800,480), (800,500), (820,520), (820,540), (800,540), (780,520), (760,540), (780,540), (760,520), (780,540), (760,540), (780,540), (760,520), (780,500), (760,520), (780,520), (800,540), (800,520), (780,500), (760,520), (760,500), (760,480), (780,480), (780,500), (760,500), (740,480), (720,480), (720,460), (700,480), (680,500), (680,480), (660,480), (660,500), (660,520), (640,540), (620,540), (640,560), (640,540), (620,520), (600,520), (580,540), (560,560), (540,560), (540,540), (560,560), (560,540), (560,520), (540,520), (560,500), (560,520), (540,500), (520,480), (520,460), (540,440), (560,420)

// Déplacements de l'unité terrestre 9 sur un horizon temporel (x_9^t, y_9^t) 
(800,180), (780,200), (780,220), (800,200), (800,220), (820,200), (800,200), (780,200), (780,180), (800,200), (820,180), (820,160), (800,180), (780,180), (800,160), (800,180), (780,200), (800,200), (800,180), (820,180), (840,200), (820,200), (820,220), (800,200), (800,180), (820,160), (840,140), (840,160), (820,160), (800,160), (820,180), (840,160), (860,160), (840,180), (840,200), (860,200), (860,220), (880,240), (860,220), (860,200), (880,200), (900,200), (900,180), (880,200), (860,220), (840,240), (860,260), (840,240), (860,260), (840,280), (860,260), (880,280), (900,280), (920,300), (920,280), (900,300), (880,300), (860,300), (840,300), (860,320), (880,300), (900,300), (920,280), (900,260), (900,240), (920,240), (920,260), (900,240), (880,220), (880,200), (860,180), (880,200), (860,200), (860,220), (880,240), (880,220), (880,240), (900,260), (900,280), (880,280), (880,300), (880,320), (880,300), (900,300), (900,320), (900,300), (900,280), (920,280), (900,300), (920,280), (900,260), (900,240), (920,260), (920,280), (940,300), (920,300), (940,320), (940,300), (920,300), (900,280)

// Déplacements de l'unité terrestre 10 sur un horizon temporel (x_10^t, y_10^t) 
(280,40), (260,60), (280,60), (260,60), (280,80), (280,60), (260,80), (260,60), (240,40), (240,60), (240,80), (220,100), (200,120), (180,120), (180,140), (180,160), (180,140), (160,140), (180,120), (200,100), (180,80), (180,60), (200,80), (220,80), (240,100), (260,120), (280,100), (300,120), (300,140), (320,160), (320,180), (300,200), (280,200), (280,220), (260,200), (260,180), (240,180), (220,180), (200,200), (180,220), (160,240), (180,220), (180,200), (200,200), (220,220), (240,200), (260,220), (260,200), (260,220), (280,200), (260,220), (280,200), (260,200), (280,200), (300,180), (320,200), (340,200), (340,180), (340,160), (320,160), (320,140), (320,160), (320,180), (340,180), (340,200), (340,220), (360,240), (340,220), (340,200), (320,220), (320,200), (340,200), (320,220), (340,240), (320,220), (300,220), (280,200), (260,180), (280,200), (260,180), (240,180), (260,200), (240,180), (260,160), (240,160), (220,160), (200,160), (200,140), (180,160), (180,180), (180,200), (200,200), (180,200), (160,200), (140,200), (120,200), (140,180), (120,200), (100,180), (80,160)

