// Déplacements de l'unité terrestre 1 sur un horizon temporel (x_1^t, y_1^t) 
(920,480), (900,500), (920,520), (940,520), (960,500), (940,480), (940,500), (920,480), (940,480), (940,500), (940,480), (920,480), (900,460), (880,460), (860,480), (840,500), (860,520), (840,520), (840,540), (820,560), (820,580), (800,560), (820,560), (840,540), (860,540), (860,520), (880,520), (900,540), (900,520), (920,500), (920,480), (940,460), (960,460), (960,440), (960,460), (980,460), (960,460), (940,460), (960,480), (960,500), (960,520), (960,500), (960,520), (940,500), (960,520), (940,520), (920,540), (920,560), (940,560), (960,540), (960,520), (940,520), (940,500), (940,480), (920,500), (920,520), (900,520), (880,500), (900,500), (920,500), (920,480), (940,500), (920,480), (900,500), (900,520), (920,500), (940,480), (920,460), (920,440), (940,440), (960,420), (980,420), (960,420), (980,400), (980,420), (960,420), (980,420), (960,420), (940,420), (960,400), (980,400), (980,380), (960,400), (940,420), (920,400), (900,380), (900,360), (880,380), (900,360), (920,360), (900,340), (920,340), (920,360), (920,380), (940,380), (920,400), (900,420), (900,440), (920,420), (940,400)

// Déplacements de l'unité terrestre 2 sur un horizon temporel (x_2^t, y_2^t) 
(340,720), (340,700), (320,700), (340,700), (340,720), (320,720), (300,720), (300,700), (280,700), (300,680), (280,660), (280,680), (300,660), (320,680), (340,660), (360,660), (360,680), (380,660), (400,660), (380,660), (380,640), (380,620), (400,640), (400,620), (420,620), (440,620), (460,600), (440,600), (420,580), (420,560), (440,560), (420,560), (440,580), (420,600), (440,580), (460,560), (480,560), (500,540), (520,540), (520,560), (520,540), (520,560), (540,560), (540,580), (560,560), (560,580), (560,560), (560,540), (540,540), (520,520), (540,540), (520,520), (520,540), (520,520), (500,500), (500,480), (480,500), (480,520), (460,500), (480,520), (500,500), (480,500), (480,480), (480,500), (460,500), (440,520), (460,500), (480,520), (460,540), (460,560), (480,540), (500,560), (520,580), (520,560), (540,560), (560,560), (560,580), (560,560), (560,580), (540,600), (520,600), (500,620), (500,640), (500,620), (500,600), (480,620), (500,600), (500,580), (480,560), (480,580), (500,560), (520,540), (500,540), (480,560), (500,560), (520,540), (540,520), (520,500), (540,480), (520,460)

// Déplacements de l'unité terrestre 3 sur un horizon temporel (x_3^t, y_3^t) 
(700,500), (700,480), (680,460), (700,480), (720,500), (700,520), (680,500), (700,500), (680,480), (700,460), (680,480), (700,460), (700,440), (720,420), (720,440), (700,420), (680,400), (700,420), (680,440), (700,440), (680,460), (700,480), (720,480), (740,460), (740,480), (740,500), (720,520), (740,540), (720,540), (700,520), (720,500), (700,500), (700,480), (720,500), (740,520), (760,540), (740,520), (720,500), (720,520), (700,540), (680,560), (660,580), (640,560), (660,580), (640,560), (620,540), (600,560), (620,560), (640,580), (660,560), (640,540), (640,520), (620,500), (620,480), (620,500), (640,520), (620,520), (640,540), (660,520), (680,520), (660,540), (640,540), (640,560), (660,580), (640,580), (620,560), (640,560), (660,540), (660,520), (680,520), (660,520), (680,500), (660,480), (660,460), (640,460), (660,480), (680,460), (680,480), (660,460), (640,460), (660,440), (680,420), (680,440), (660,440), (680,420), (660,400), (680,380), (700,380), (680,380), (660,400), (640,380), (660,400), (640,380), (620,400), (640,400), (660,380), (680,400), (680,420), (660,400), (680,420)

// Déplacements de l'unité terrestre 4 sur un horizon temporel (x_4^t, y_4^t) 
(920,320), (900,340), (920,320), (920,340), (920,320), (920,340), (940,340), (920,360), (900,340), (920,360), (920,340), (900,320), (900,340), (880,320), (880,300), (860,300), (840,320), (820,300), (800,320), (780,300), (780,320), (800,320), (820,300), (800,280), (820,260), (800,240), (780,240), (800,260), (820,260), (800,280), (800,300), (820,280), (800,300), (780,280), (800,300), (780,280), (800,280), (820,260), (820,280), (800,300), (820,320), (840,300), (860,320), (840,300), (820,300), (800,300), (780,300), (780,280), (780,300), (800,300), (800,320), (820,300), (840,320), (840,300), (840,320), (820,340), (840,320), (820,340), (820,360), (800,340), (820,320), (840,320), (820,340), (840,360), (860,360), (880,340), (900,340), (880,360), (880,340), (880,320), (900,320), (900,340), (900,360), (880,380), (880,360), (900,340), (920,340), (940,320), (960,340), (980,360), (980,340), (960,320), (980,300), (980,280), (960,280), (960,260), (980,260), (980,240), (980,220), (960,240), (940,240), (960,240), (940,220), (960,240), (940,220), (920,200), (900,220), (880,200), (860,220), (840,200)

// Déplacements de l'unité terrestre 5 sur un horizon temporel (x_5^t, y_5^t) 
(400,420), (380,400), (360,400), (360,380), (340,400), (320,380), (320,400), (320,420), (320,400), (300,420), (320,400), (300,400), (280,380), (300,360), (320,340), (300,340), (320,340), (320,320), (340,300), (320,300), (300,280), (320,300), (320,320), (340,300), (360,280), (340,260), (360,240), (360,220), (340,220), (340,240), (360,220), (360,240), (340,260), (320,240), (320,260), (340,240), (340,260), (360,240), (380,240), (400,260), (400,280), (420,260), (400,240), (420,240), (400,240), (400,260), (420,240), (420,220), (440,220), (440,240), (420,240), (400,240), (380,220), (400,220), (400,200), (400,180), (420,180), (400,160), (380,160), (360,180), (380,200), (400,200), (380,200), (400,180), (380,200), (380,180), (400,180), (400,200), (380,220), (380,240), (360,260), (380,280), (360,260), (380,280), (360,260), (340,240), (340,260), (340,280), (360,300), (340,280), (360,300), (360,280), (340,300), (320,280), (300,300), (320,300), (300,280), (320,300), (340,320), (320,300), (340,280), (320,300), (340,280), (320,280), (300,300), (280,320), (260,320), (280,320), (260,320), (260,340)

// Déplacements de l'unité terrestre 6 sur un horizon temporel (x_6^t, y_6^t) 
(880,420), (900,440), (900,420), (880,440), (880,460), (860,460), (860,480), (880,460), (900,440), (880,460), (860,440), (880,440), (900,420), (900,440), (900,420), (880,440), (880,420), (900,400), (920,420), (920,400), (900,380), (920,380), (900,360), (920,340), (920,320), (900,340), (880,360), (880,340), (860,360), (880,340), (860,340), (880,320), (900,320), (920,340), (940,340), (920,360), (920,340), (940,320), (920,320), (900,320), (920,300), (900,300), (900,280), (920,300), (900,320), (880,320), (860,300), (880,300), (880,320), (860,340), (840,340), (860,320), (880,340), (880,360), (880,340), (880,360), (880,380), (900,360), (920,380), (940,400), (960,400), (980,420), (980,400), (960,400), (960,380), (960,360), (940,340), (940,360), (940,380), (960,360), (940,340), (940,360), (940,380), (960,360), (960,380), (940,380), (920,400), (940,400), (940,420), (920,420), (920,440), (920,420), (900,420), (920,420), (900,400), (900,420), (900,440), (920,420), (920,400), (920,420), (900,440), (880,460), (900,460), (880,440), (880,420), (860,440), (840,440), (820,460), (840,460), (860,480)

// Déplacements de l'unité terrestre 7 sur un horizon temporel (x_7^t, y_7^t) 
(520,760), (540,740), (560,760), (580,780), (580,800), (560,800), (580,820), (560,840), (560,860), (580,880), (600,860), (580,880), (600,860), (580,860), (600,880), (580,880), (560,860), (580,840), (600,860), (620,860), (640,860), (660,840), (640,860), (660,860), (680,860), (700,860), (700,840), (720,820), (740,840), (720,820), (720,800), (700,800), (680,820), (700,820), (700,840), (720,820), (740,800), (740,820), (720,840), (700,860), (700,840), (680,820), (700,840), (680,860), (680,880), (680,900), (660,900), (680,880), (680,900), (660,920), (660,940), (640,920), (620,920), (600,940), (620,920), (600,940), (600,960), (580,980), (560,980), (580,960), (560,940), (540,920), (520,940), (540,940), (560,920), (580,920), (600,920), (620,920), (640,900), (640,920), (660,900), (660,920), (640,900), (620,920), (600,900), (600,880), (600,900), (580,900), (600,920), (620,920), (620,940), (600,960), (600,980), (620,960), (620,940), (600,940), (620,940), (620,920), (600,940), (580,940), (600,940), (600,920), (580,940), (560,920), (560,940), (580,960), (600,960), (580,980), (600,960), (620,960)

// Déplacements de l'unité terrestre 8 sur un horizon temporel (x_8^t, y_8^t) 
(800,600), (800,620), (780,600), (780,620), (780,640), (780,620), (800,640), (820,620), (800,640), (820,640), (840,640), (860,640), (860,660), (840,640), (860,620), (860,640), (880,620), (860,640), (880,660), (900,640), (900,660), (880,660), (860,680), (880,700), (860,700), (840,720), (860,700), (840,700), (840,720), (840,740), (820,740), (840,760), (860,760), (840,760), (820,740), (840,760), (820,740), (820,720), (840,720), (820,700), (840,720), (860,700), (840,720), (820,740), (800,760), (780,760), (760,740), (780,720), (780,740), (800,760), (800,740), (800,760), (800,780), (780,780), (760,780), (740,760), (740,780), (760,780), (740,760), (760,780), (760,760), (780,740), (760,720), (760,740), (780,720), (800,720), (820,740), (800,760), (820,760), (820,780), (820,800), (820,780), (800,800), (820,780), (800,760), (780,780), (760,760), (780,740), (780,760), (780,740), (780,760), (800,780), (780,780), (780,760), (780,780), (800,800), (820,820), (820,800), (840,820), (840,840), (820,860), (800,880), (820,900), (820,880), (800,880), (800,900), (820,880), (800,900), (780,880), (780,860)

// Déplacements de l'unité terrestre 9 sur un horizon temporel (x_9^t, y_9^t) 
(40,900), (40,920), (20,920), (20,900), (40,900), (40,880), (20,880), (20,900), (40,920), (60,940), (40,960), (20,960), (40,960), (20,960), (40,940), (40,920), (40,940), (20,940), (20,960), (40,980), (40,960), (20,980), (40,980), (60,960), (80,940), (60,920), (80,900), (80,920), (60,940), (60,960), (80,980), (60,980), (40,980), (60,980), (40,980), (20,960), (40,960), (60,980), (40,960), (20,980), (40,980), (60,960), (80,980), (60,960), (40,980), (60,960), (40,960), (60,980), (80,980), (100,980), (80,960), (60,980), (40,960), (40,940), (20,960), (40,960), (40,980), (20,960), (40,940), (20,940), (20,920), (20,900), (20,880), (20,900), (40,920), (20,900), (20,880), (40,880), (20,880), (40,900), (20,880), (40,900), (40,920), (60,940), (40,940), (60,940), (40,920), (40,940), (40,960), (60,960), (40,980), (40,960), (20,940), (20,960), (20,980), (40,980), (60,960), (60,940), (60,960), (60,940), (40,920), (60,920), (60,900), (40,880), (40,900), (60,920), (60,900), (40,900), (60,900), (80,920)

// Déplacements de l'unité terrestre 10 sur un horizon temporel (x_10^t, y_10^t) 
(460,260), (440,260), (420,260), (440,260), (420,280), (440,280), (460,260), (440,240), (460,260), (440,240), (460,240), (440,260), (420,260), (400,280), (380,260), (400,280), (400,260), (380,240), (400,260), (420,240), (420,260), (400,280), (380,260), (360,260), (340,260), (360,280), (340,280), (320,300), (340,300), (360,320), (360,340), (340,320), (320,300), (340,280), (320,300), (320,280), (340,260), (340,280), (320,260), (340,280), (320,280), (340,300), (360,320), (340,320), (360,320), (380,320), (360,340), (380,360), (360,380), (360,360), (380,380), (400,360), (380,380), (380,360), (360,360), (380,360), (400,340), (420,360), (400,360), (400,340), (420,360), (440,380), (460,400), (480,400), (500,380), (480,360), (460,360), (440,360), (420,380), (420,400), (400,420), (400,400), (400,420), (420,400), (440,400), (460,380), (440,380), (440,360), (440,380), (420,360), (440,340), (460,340), (440,320), (420,300), (400,280), (400,260), (400,240), (420,260), (440,260), (420,240), (440,220), (460,240), (440,260), (440,280), (440,300), (460,300), (480,280), (500,260), (500,280), (520,280)

