// Déplacements de l'unité terrestre 1 sur un horizon temporel (x_1^t, y_1^t) 
(940,980), (960,980), (960,960), (960,940), (940,940), (960,960), (980,960), (960,980), (940,980), (920,980), (900,980), (880,980), (900,960), (880,980), (900,980), (920,980), (920,960), (920,980), (920,960), (900,960), (920,960), (900,960), (880,960), (860,940), (860,920), (840,920), (840,940), (840,920), (820,920), (840,920), (820,940), (840,960), (840,940), (820,940), (800,920), (820,940), (800,940), (820,920), (820,940), (840,940), (860,940), (860,960), (880,940), (860,920), (880,900), (880,920), (900,900), (880,920), (900,920), (900,940), (900,920), (920,900), (920,920), (920,900), (940,900), (960,880), (940,880), (920,900), (920,920), (900,900), (920,920), (920,940), (900,920), (920,920), (900,900), (920,880), (940,880), (920,880), (900,860), (920,860), (900,840), (880,820), (900,840), (900,860), (880,880), (900,860), (920,860), (940,860), (940,840), (940,820), (960,800), (980,780), (960,760), (960,780), (940,780), (960,780), (940,780), (960,780), (980,800), (960,820), (980,840), (980,860), (960,860), (980,840), (980,820), (980,800), (960,800), (980,820), (980,840), (960,860)

// Déplacements de l'unité terrestre 2 sur un horizon temporel (x_2^t, y_2^t) 
(240,780), (260,760), (240,740), (260,760), (240,740), (220,740), (240,720), (240,700), (260,720), (280,720), (280,700), (260,720), (280,700), (300,720), (280,700), (260,720), (260,700), (240,720), (220,740), (220,760), (240,740), (260,740), (240,760), (260,740), (280,760), (280,740), (280,720), (300,700), (300,720), (320,700), (300,700), (280,680), (260,660), (280,680), (260,700), (280,700), (260,680), (280,660), (280,640), (260,660), (240,660), (260,640), (240,620), (220,620), (220,600), (220,580), (220,560), (200,580), (220,600), (240,600), (240,620), (260,640), (260,620), (240,600), (220,600), (200,600), (220,580), (200,560), (220,540), (200,540), (180,560), (200,580), (200,600), (200,580), (220,580), (200,580), (200,600), (180,600), (160,580), (180,600), (160,600), (140,580), (160,560), (140,560), (120,580), (140,560), (120,580), (140,560), (120,540), (140,540), (120,560), (140,540), (160,540), (180,520), (200,500), (200,520), (180,500), (160,480), (140,480), (120,460), (140,460), (160,480), (180,480), (180,500), (160,500), (180,480), (200,500), (220,520), (240,540), (220,520)

// Déplacements de l'unité terrestre 3 sur un horizon temporel (x_3^t, y_3^t) 
(660,660), (680,640), (680,620), (700,620), (700,600), (720,580), (720,600), (700,600), (680,600), (700,580), (680,560), (700,540), (680,520), (680,540), (660,520), (660,540), (660,560), (640,580), (620,580), (620,600), (640,580), (640,600), (640,580), (660,580), (640,600), (660,580), (660,600), (640,620), (660,640), (680,660), (700,640), (680,660), (680,640), (700,660), (720,640), (700,620), (700,640), (680,620), (700,620), (680,640), (680,620), (700,620), (720,600), (700,620), (700,640), (700,660), (700,680), (700,700), (680,720), (680,740), (660,760), (640,760), (660,760), (680,760), (660,780), (680,760), (660,780), (640,800), (620,780), (620,760), (620,780), (600,800), (620,780), (640,760), (660,760), (640,740), (640,720), (660,740), (640,760), (640,740), (640,760), (640,780), (660,760), (660,740), (660,760), (680,780), (700,800), (680,800), (680,820), (700,820), (700,800), (720,780), (700,800), (700,780), (680,780), (660,800), (640,780), (660,780), (680,780), (660,800), (680,820), (660,840), (660,860), (640,840), (620,820), (640,820), (640,800), (640,820), (640,800), (620,780)

// Déplacements de l'unité terrestre 4 sur un horizon temporel (x_4^t, y_4^t) 
(260,640), (240,640), (220,640), (240,660), (220,640), (200,640), (180,640), (160,620), (160,640), (160,660), (180,660), (180,640), (200,640), (180,620), (200,600), (200,620), (200,600), (220,600), (200,600), (200,580), (180,580), (200,600), (220,600), (200,620), (180,600), (200,620), (220,620), (200,600), (220,600), (240,620), (240,640), (260,620), (260,600), (240,600), (260,580), (280,560), (300,540), (300,520), (300,540), (320,520), (340,520), (320,540), (300,560), (300,580), (320,600), (340,600), (360,600), (360,620), (340,640), (340,660), (340,640), (320,640), (340,660), (340,680), (320,680), (320,660), (320,680), (340,680), (320,680), (300,680), (320,660), (320,640), (340,660), (320,640), (340,660), (320,660), (320,680), (300,660), (300,640), (280,620), (300,640), (280,620), (260,600), (280,620), (300,620), (300,600), (320,580), (340,560), (340,540), (320,560), (320,580), (320,600), (300,620), (320,600), (340,580), (360,600), (380,600), (380,620), (360,640), (360,660), (340,680), (360,680), (380,680), (360,700), (380,720), (380,740), (380,720), (360,740), (380,740), (400,720)

// Déplacements de l'unité terrestre 5 sur un horizon temporel (x_5^t, y_5^t) 
(680,440), (680,460), (680,440), (700,460), (680,480), (700,480), (680,480), (700,460), (720,480), (700,500), (700,520), (720,540), (720,560), (720,540), (720,560), (740,540), (720,540), (700,560), (680,580), (680,600), (660,600), (680,580), (660,600), (660,580), (640,560), (660,560), (680,540), (660,540), (640,560), (620,560), (620,580), (640,580), (620,600), (620,580), (640,600), (620,600), (640,600), (620,600), (600,620), (580,640), (600,660), (580,640), (560,640), (540,640), (520,620), (520,600), (540,620), (540,640), (520,660), (540,640), (520,620), (520,600), (540,580), (520,560), (500,560), (520,560), (540,580), (560,600), (580,620), (580,640), (560,660), (580,660), (600,640), (620,620), (640,620), (660,640), (660,620), (660,640), (680,640), (680,660), (660,640), (680,640), (660,620), (680,640), (700,660), (680,680), (660,660), (640,680), (640,660), (660,660), (640,640), (640,620), (620,600), (640,600), (660,620), (680,640), (660,660), (660,680), (640,660), (660,640), (640,660), (660,660), (680,680), (680,660), (680,640), (680,660), (700,680), (720,660), (720,640), (700,660)

// Déplacements de l'unité terrestre 6 sur un horizon temporel (x_6^t, y_6^t) 
(980,500), (980,520), (960,540), (980,540), (980,560), (960,580), (980,600), (960,580), (960,600), (940,580), (920,600), (900,600), (880,580), (860,560), (840,540), (840,520), (840,500), (860,480), (880,480), (860,480), (840,500), (820,500), (840,520), (840,540), (840,560), (820,560), (840,540), (860,520), (860,540), (840,560), (860,540), (840,520), (820,540), (840,560), (820,560), (800,540), (780,540), (800,560), (820,580), (800,560), (780,580), (800,580), (820,560), (820,580), (820,600), (840,600), (820,600), (840,620), (840,640), (860,620), (860,640), (880,620), (860,600), (880,600), (860,620), (840,640), (840,660), (820,680), (840,700), (820,680), (800,660), (820,680), (840,660), (820,660), (840,660), (860,660), (840,640), (860,660), (860,640), (860,620), (880,600), (860,600), (880,600), (900,580), (900,560), (900,540), (880,560), (860,560), (860,580), (860,600), (880,620), (860,600), (880,600), (880,620), (880,600), (880,620), (860,600), (840,580), (840,600), (840,620), (840,640), (860,620), (880,640), (880,620), (880,640), (880,660), (860,680), (880,660), (860,640), (840,660)

// Déplacements de l'unité terrestre 7 sur un horizon temporel (x_7^t, y_7^t) 
(460,860), (480,860), (460,880), (480,860), (500,860), (500,840), (520,840), (500,860), (480,880), (500,900), (480,900), (500,900), (500,920), (520,940), (520,920), (540,920), (560,920), (540,920), (520,940), (500,960), (500,940), (520,940), (500,920), (520,940), (520,920), (540,920), (520,920), (540,940), (540,920), (540,940), (520,920), (540,920), (520,940), (540,960), (560,940), (580,960), (560,980), (540,960), (540,940), (540,960), (560,980), (580,960), (600,980), (600,960), (620,940), (640,960), (620,980), (600,960), (580,980), (560,960), (540,960), (560,940), (580,920), (560,920), (560,900), (560,920), (560,900), (580,920), (560,900), (560,920), (560,900), (540,880), (560,900), (540,900), (560,880), (540,880), (560,880), (540,900), (520,880), (520,900), (540,920), (560,900), (540,880), (560,880), (540,880), (560,900), (540,880), (560,900), (540,920), (540,900), (560,880), (540,900), (520,880), (500,880), (520,900), (540,900), (560,880), (580,900), (580,920), (580,900), (580,920), (580,940), (560,920), (580,920), (560,920), (560,940), (580,920), (600,900), (620,880), (620,900)

// Déplacements de l'unité terrestre 8 sur un horizon temporel (x_8^t, y_8^t) 
(480,500), (480,520), (500,540), (500,560), (480,580), (460,600), (480,600), (500,600), (520,580), (540,560), (520,560), (500,540), (480,520), (500,520), (480,500), (460,500), (440,480), (460,460), (460,440), (440,440), (420,440), (440,440), (460,420), (480,400), (500,380), (520,380), (520,400), (500,380), (480,360), (460,380), (460,360), (480,340), (460,360), (440,340), (440,320), (440,340), (440,360), (460,340), (480,340), (460,340), (480,320), (460,340), (440,320), (460,320), (440,320), (460,320), (440,300), (460,320), (480,320), (500,340), (520,320), (540,300), (560,320), (580,300), (560,280), (540,280), (560,260), (580,260), (560,240), (560,260), (560,280), (580,260), (600,260), (580,260), (580,240), (560,240), (560,220), (540,220), (560,200), (580,180), (580,160), (600,160), (580,160), (560,160), (580,160), (580,180), (560,200), (580,220), (560,220), (540,240), (540,220), (560,220), (580,200), (600,180), (620,200), (600,200), (600,180), (580,200), (580,220), (600,240), (580,260), (560,240), (540,220), (560,240), (580,220), (580,200), (560,200), (540,180), (520,160), (540,180)

// Déplacements de l'unité terrestre 9 sur un horizon temporel (x_9^t, y_9^t) 
(960,420), (980,400), (960,400), (980,380), (980,400), (960,400), (960,380), (960,360), (940,360), (960,340), (940,340), (920,340), (900,320), (880,340), (860,340), (840,360), (860,380), (860,360), (880,380), (860,360), (860,340), (860,320), (860,300), (860,280), (880,300), (900,300), (920,320), (920,300), (920,320), (920,340), (900,360), (900,340), (880,340), (900,340), (880,360), (860,340), (860,360), (860,380), (880,380), (900,400), (880,420), (860,440), (880,460), (860,460), (840,440), (840,460), (860,480), (880,500), (860,500), (840,520), (860,540), (880,520), (900,500), (880,520), (880,500), (900,500), (920,500), (900,500), (920,480), (900,500), (920,500), (920,520), (900,500), (920,480), (920,500), (900,520), (880,520), (880,500), (860,520), (840,540), (860,540), (860,520), (880,500), (880,480), (880,460), (860,460), (880,480), (860,500), (880,500), (900,500), (880,500), (860,500), (840,480), (820,480), (800,500), (820,480), (820,500), (840,480), (840,460), (840,440), (840,420), (820,420), (840,440), (840,420), (820,400), (820,420), (840,420), (820,420), (800,420), (780,400)

// Déplacements de l'unité terrestre 10 sur un horizon temporel (x_10^t, y_10^t) 
(80,20), (60,20), (40,20), (60,40), (40,40), (60,20), (40,20), (20,40), (40,40), (60,60), (60,80), (60,100), (40,80), (40,60), (20,40), (40,60), (20,60), (40,40), (40,60), (60,40), (40,40), (60,20), (80,40), (60,40), (60,60), (40,60), (20,80), (20,60), (20,80), (20,60), (40,60), (40,40), (60,40), (80,60), (100,80), (80,80), (100,60), (100,40), (80,40), (80,20), (100,20), (80,20), (60,20), (80,40), (80,60), (80,80), (60,80), (40,80), (20,100), (40,120), (60,100), (60,120), (40,120), (20,120), (40,120), (60,120), (80,140), (100,160), (120,140), (140,140), (120,160), (140,160), (120,160), (100,160), (80,160), (60,180), (40,160), (20,180), (40,200), (40,180), (60,200), (40,220), (20,200), (40,220), (20,240), (20,220), (40,220), (20,200), (20,180), (40,160), (20,180), (20,160), (40,140), (40,160), (40,140), (20,160), (40,140), (60,120), (80,140), (60,140), (80,140), (100,160), (100,140), (80,160), (60,160), (80,180), (60,180), (40,200), (20,180), (20,200)

