// Déplacements de l'unité terrestre 1 sur un horizon temporel (x_1^t, y_1^t) 
(900,300), (900,320), (920,320), (900,320), (920,340), (920,320), (900,300), (920,300), (940,320), (920,340), (920,320), (900,340), (920,320), (940,300), (920,320), (920,300), (900,320), (880,300), (880,320), (860,320), (840,300), (840,320), (860,300), (840,280), (840,300), (860,300), (840,300), (840,280), (860,300), (840,300), (840,280), (840,300), (840,320), (820,320), (840,300), (820,300), (820,320), (840,320), (860,340), (840,320), (840,300), (860,300), (880,280), (860,280), (860,260), (880,260), (860,280), (880,300), (880,320), (860,340), (860,320), (840,300), (860,280), (840,300), (820,320), (820,300), (820,280), (800,280), (800,300), (800,320), (780,300), (780,280), (800,280), (820,300), (800,300), (820,280), (800,280), (780,300), (800,320), (820,320), (800,340), (800,320), (780,300), (760,320), (760,340), (780,360), (800,380), (820,400), (800,400), (820,420), (800,440), (800,460), (780,440), (760,420), (780,420), (760,440), (760,420), (780,440), (800,420), (780,440), (760,440), (760,420), (740,440), (760,460), (780,480), (780,460), (760,460), (740,480), (720,480), (700,480)

// Déplacements de l'unité terrestre 2 sur un horizon temporel (x_2^t, y_2^t) 
(480,140), (500,120), (480,100), (480,120), (480,140), (480,120), (500,100), (500,120), (520,100), (540,120), (520,140), (540,120), (520,100), (500,120), (520,100), (540,120), (540,140), (540,120), (520,120), (520,140), (540,120), (540,100), (560,100), (540,80), (520,80), (520,60), (500,60), (500,80), (520,80), (500,100), (500,80), (500,60), (500,40), (480,20), (500,40), (480,20), (500,20), (520,20), (540,20), (520,40), (500,20), (480,20), (460,20), (480,40), (460,40), (480,40), (480,60), (500,60), (520,60), (500,80), (500,60), (500,40), (520,20), (540,40), (560,20), (580,20), (600,20), (620,40), (600,60), (620,80), (600,100), (620,100), (640,120), (620,100), (640,80), (660,80), (680,100), (660,80), (660,100), (640,120), (660,140), (640,160), (660,160), (680,140), (660,140), (680,140), (660,140), (680,140), (680,120), (680,140), (700,120), (720,100), (740,100), (760,100), (780,80), (760,60), (780,80), (800,60), (800,80), (820,80), (840,80), (820,60), (800,60), (800,40), (820,60), (820,40), (800,60), (780,80), (800,100), (820,100)

// Déplacements de l'unité terrestre 3 sur un horizon temporel (x_3^t, y_3^t) 
(600,760), (620,760), (620,740), (600,740), (580,740), (560,760), (540,760), (520,780), (540,760), (560,740), (580,720), (600,740), (620,720), (640,740), (620,740), (620,720), (600,720), (580,700), (600,700), (580,680), (580,660), (560,680), (560,700), (580,700), (560,680), (560,700), (580,720), (600,720), (620,720), (620,700), (600,700), (620,700), (640,680), (660,700), (640,700), (620,720), (640,700), (620,680), (620,660), (600,640), (580,640), (600,640), (600,620), (580,600), (560,600), (560,620), (540,640), (520,640), (540,660), (560,680), (540,680), (540,660), (560,640), (580,640), (560,660), (540,680), (560,700), (580,680), (560,660), (540,660), (540,640), (520,660), (500,640), (480,640), (460,640), (460,660), (440,640), (420,660), (420,680), (400,660), (380,660), (380,680), (380,700), (400,720), (400,740), (420,720), (400,740), (420,760), (440,780), (420,760), (400,780), (380,800), (400,800), (380,800), (360,800), (380,780), (400,760), (400,780), (420,760), (400,740), (420,760), (420,740), (420,720), (420,740), (420,760), (400,760), (400,780), (420,760), (440,760), (460,740)

// Déplacements de l'unité terrestre 4 sur un horizon temporel (x_4^t, y_4^t) 
(300,20), (300,40), (320,40), (340,20), (320,20), (300,40), (300,20), (300,40), (300,60), (280,40), (300,60), (300,80), (280,80), (300,60), (320,60), (320,40), (300,20), (320,20), (320,40), (320,20), (320,40), (300,20), (320,20), (320,40), (340,20), (360,40), (340,40), (320,40), (340,40), (360,20), (360,40), (380,40), (360,20), (380,20), (360,20), (340,20), (320,20), (340,40), (360,20), (380,40), (360,60), (360,80), (340,80), (320,80), (320,60), (320,80), (300,80), (300,60), (320,60), (300,60), (300,40), (300,20), (280,40), (300,40), (280,20), (260,40), (280,40), (260,20), (240,40), (240,20), (220,20), (220,40), (200,20), (200,40), (220,40), (240,40), (260,60), (260,40), (240,20), (260,40), (280,60), (280,80), (300,80), (300,60), (320,60), (320,80), (320,60), (320,80), (300,100), (300,80), (320,80), (340,80), (320,60), (300,80), (300,60), (320,80), (320,100), (320,80), (300,100), (280,120), (300,140), (280,140), (300,140), (320,120), (300,120), (280,120), (260,100), (240,120), (240,140), (260,140)

// Déplacements de l'unité terrestre 5 sur un horizon temporel (x_5^t, y_5^t) 
(940,60), (940,40), (920,60), (920,80), (940,80), (920,80), (900,80), (880,60), (900,60), (920,60), (900,40), (920,20), (900,20), (900,40), (920,40), (900,20), (880,40), (900,40), (880,60), (880,80), (900,80), (880,80), (900,80), (880,100), (860,120), (880,140), (860,120), (880,100), (900,80), (900,100), (920,100), (900,100), (900,80), (920,80), (920,60), (900,80), (900,100), (920,100), (900,120), (920,100), (920,120), (900,100), (880,80), (860,60), (840,80), (840,60), (840,40), (820,40), (800,20), (820,40), (840,20), (860,20), (880,20), (900,20), (920,40), (900,40), (900,60), (880,80), (860,100), (860,80), (840,80), (840,100), (840,80), (820,100), (800,120), (800,140), (820,140), (820,160), (820,180), (800,200), (780,220), (800,200), (780,220), (760,240), (740,260), (720,240), (720,260), (720,280), (740,280), (740,300), (740,320), (720,320), (700,320), (720,340), (720,320), (720,340), (700,320), (680,300), (660,280), (640,300), (620,280), (600,260), (620,240), (600,240), (580,220), (600,200), (600,180), (600,160), (580,160), (560,160)

// Déplacements de l'unité terrestre 6 sur un horizon temporel (x_6^t, y_6^t) 
(540,540), (540,560), (560,560), (540,580), (560,580), (580,600), (580,580), (580,560), (560,560), (580,560), (560,560), (540,560), (540,580), (560,560), (540,540), (520,560), (540,580), (520,560), (520,540), (540,520), (560,540), (580,560), (600,560), (580,540), (560,540), (540,540), (520,560), (500,580), (520,560), (500,560), (520,540), (520,560), (520,580), (520,600), (540,580), (560,560), (560,540), (540,520), (540,540), (560,560), (580,540), (580,520), (600,540), (620,520), (600,540), (620,540), (640,560), (620,580), (640,580), (640,560), (620,560), (600,540), (620,540), (640,560), (640,540), (620,560), (640,560), (620,580), (640,600), (660,600), (660,620), (680,600), (700,600), (720,580), (700,580), (680,560), (660,540), (680,540), (680,560), (680,540), (700,560), (720,580), (700,600), (720,620), (740,600), (760,580), (780,600), (760,620), (760,640), (740,620), (740,600), (740,620), (720,620), (720,600), (740,600), (760,620), (780,620), (780,640), (800,640), (780,660), (800,640), (820,660), (800,660), (780,680), (800,660), (800,680), (800,700), (780,680), (800,700), (800,680)

// Déplacements de l'unité terrestre 7 sur un horizon temporel (x_7^t, y_7^t) 
(260,980), (280,980), (300,960), (280,960), (260,980), (280,960), (280,940), (300,940), (300,920), (280,920), (260,920), (240,920), (260,920), (240,920), (220,940), (240,940), (260,940), (280,940), (300,920), (320,900), (340,880), (360,900), (380,920), (360,900), (380,900), (400,900), (380,920), (380,900), (360,920), (340,940), (340,960), (320,960), (300,960), (280,980), (260,980), (240,960), (220,940), (200,920), (180,920), (200,900), (200,880), (220,880), (240,880), (260,900), (240,900), (220,920), (200,940), (180,960), (200,940), (220,960), (200,940), (220,920), (240,900), (260,880), (260,860), (280,880), (300,900), (300,920), (320,920), (340,940), (340,960), (320,940), (300,940), (320,920), (340,900), (320,920), (340,900), (320,920), (300,940), (300,960), (280,960), (260,960), (280,980), (260,980), (280,960), (280,980), (300,960), (280,940), (260,960), (240,960), (240,940), (260,920), (240,940), (240,920), (220,940), (220,960), (220,980), (200,980), (220,980), (200,980), (180,960), (200,960), (200,980), (220,980), (200,960), (220,980), (240,980), (260,980), (240,960), (220,940)

// Déplacements de l'unité terrestre 8 sur un horizon temporel (x_8^t, y_8^t) 
(600,700), (620,720), (620,700), (600,700), (580,720), (580,700), (580,680), (600,700), (620,720), (620,740), (600,740), (620,760), (640,760), (640,780), (640,760), (660,760), (660,740), (660,720), (640,740), (620,720), (620,740), (620,720), (600,740), (600,720), (580,740), (600,720), (600,700), (600,680), (580,700), (560,680), (540,660), (520,680), (500,660), (520,660), (540,680), (520,680), (500,700), (520,700), (520,720), (520,700), (500,700), (480,720), (500,700), (520,700), (540,700), (560,720), (540,720), (560,740), (580,720), (600,740), (600,720), (600,700), (620,720), (620,740), (620,720), (600,700), (620,700), (640,720), (620,740), (600,720), (580,720), (600,700), (580,680), (560,700), (540,720), (560,720), (540,720), (520,740), (500,760), (480,780), (480,800), (480,780), (460,780), (460,800), (440,780), (420,780), (420,800), (400,780), (400,800), (420,800), (400,780), (420,780), (420,760), (400,740), (420,720), (400,740), (400,720), (420,740), (400,740), (380,760), (360,760), (360,740), (380,720), (400,700), (380,700), (380,720), (400,700), (420,720), (440,740), (420,740)

// Déplacements de l'unité terrestre 9 sur un horizon temporel (x_9^t, y_9^t) 
(660,800), (680,780), (700,800), (720,780), (740,800), (740,780), (720,780), (700,780), (720,760), (700,780), (700,800), (680,820), (700,840), (720,840), (740,840), (760,820), (760,800), (780,800), (760,820), (780,840), (760,860), (760,840), (780,840), (780,820), (760,840), (740,840), (760,840), (760,820), (760,800), (740,800), (760,800), (740,820), (740,800), (760,820), (760,840), (780,820), (760,820), (740,840), (760,820), (740,840), (720,820), (740,840), (760,820), (760,800), (780,820), (780,800), (780,780), (800,760), (800,740), (780,760), (760,780), (780,760), (800,760), (780,760), (760,740), (780,760), (760,780), (780,760), (800,780), (820,760), (840,760), (860,760), (860,780), (860,800), (880,800), (860,780), (860,800), (880,820), (880,840), (880,860), (880,840), (900,840), (880,840), (860,820), (840,820), (820,840), (840,860), (840,880), (820,860), (840,860), (860,840), (860,820), (880,820), (860,800), (840,820), (840,840), (860,860), (860,840), (840,860), (820,880), (840,880), (820,900), (800,880), (820,880), (840,880), (820,860), (800,880), (780,900), (800,880), (780,900)

// Déplacements de l'unité terrestre 10 sur un horizon temporel (x_10^t, y_10^t) 
(300,960), (320,940), (340,940), (340,920), (320,900), (300,920), (280,940), (300,940), (280,960), (300,960), (280,940), (260,960), (280,960), (280,980), (260,960), (260,940), (280,960), (300,940), (320,960), (320,940), (340,920), (340,940), (360,960), (380,980), (400,960), (400,940), (420,940), (400,920), (420,940), (400,920), (380,940), (360,920), (380,920), (360,920), (380,900), (400,920), (400,940), (400,920), (420,940), (400,920), (420,920), (440,920), (420,940), (400,960), (400,940), (420,960), (400,940), (420,960), (420,940), (440,960), (440,940), (460,920), (440,900), (440,880), (460,880), (440,880), (440,860), (460,880), (480,860), (500,880), (500,900), (520,880), (520,860), (540,880), (520,880), (500,880), (520,860), (500,880), (520,900), (500,920), (520,940), (540,960), (540,940), (560,920), (580,920), (600,900), (620,920), (600,920), (580,940), (580,960), (600,940), (620,960), (620,940), (600,960), (600,940), (620,960), (620,940), (640,920), (660,920), (680,920), (700,920), (680,940), (700,940), (680,940), (700,940), (720,940), (700,920), (720,920), (700,940), (700,920)

