// Déplacements de l'unité terrestre 1 sur un horizon temporel (x_1^t, y_1^t) 
(120,780), (140,760), (140,740), (120,720), (100,740), (120,740), (100,760), (100,780), (100,800), (120,820), (140,840), (140,860), (120,860), (100,880), (100,860), (120,860), (100,860), (100,880), (120,900), (100,920), (120,900), (120,920), (100,940), (120,940), (140,940), (120,940), (140,960), (120,980), (100,980), (100,960), (120,980), (140,980), (120,980), (120,960), (100,960), (100,980), (100,960), (100,980), (100,960), (120,940), (100,920), (100,940), (100,960), (120,980), (100,980), (80,960), (100,980), (120,960), (120,980), (120,960), (100,940), (120,960), (100,940), (80,920), (100,940), (80,920), (80,940), (60,960), (40,940), (40,960), (60,980), (40,960), (60,960), (80,960), (60,940), (80,960), (60,980), (60,960), (60,980), (60,960), (80,980), (100,980), (120,960), (100,980), (80,980), (100,960), (100,940), (120,960), (100,940), (120,960), (140,960), (120,960), (120,980), (100,960), (120,940), (100,940), (100,920), (120,920), (120,900), (120,920), (120,940), (140,920), (160,920), (140,900), (140,880), (140,900), (140,920), (120,900), (100,920), (120,920)

// Déplacements de l'unité terrestre 2 sur un horizon temporel (x_2^t, y_2^t) 
(360,440), (340,460), (320,460), (300,440), (320,460), (340,480), (320,500), (300,520), (300,500), (320,520), (340,540), (340,560), (340,580), (320,580), (300,560), (320,540), (300,520), (280,540), (300,540), (320,560), (300,560), (300,540), (300,520), (280,540), (260,520), (240,520), (220,520), (220,540), (200,540), (200,520), (180,540), (180,520), (160,540), (160,520), (160,540), (140,560), (120,580), (140,600), (140,580), (160,600), (160,620), (140,640), (120,620), (140,640), (140,660), (120,660), (140,640), (160,660), (160,680), (180,680), (180,700), (200,720), (180,700), (180,720), (200,740), (180,740), (160,720), (180,700), (160,680), (140,680), (140,700), (160,680), (140,660), (120,660), (120,680), (100,700), (100,680), (80,700), (80,720), (100,720), (100,700), (80,720), (80,700), (100,700), (80,680), (100,700), (120,700), (140,680), (160,700), (160,720), (180,720), (160,720), (180,740), (180,760), (160,780), (180,800), (200,780), (220,780), (240,780), (260,760), (260,780), (280,760), (300,760), (320,780), (340,800), (360,800), (340,820), (360,820), (380,800), (400,780)

// Déplacements de l'unité terrestre 3 sur un horizon temporel (x_3^t, y_3^t) 
(480,800), (500,800), (500,820), (500,800), (520,800), (540,780), (560,780), (540,800), (520,820), (500,820), (520,800), (540,820), (560,840), (560,820), (560,800), (560,780), (580,800), (560,780), (580,800), (600,780), (600,800), (620,800), (620,820), (640,840), (660,860), (680,860), (680,840), (680,860), (700,860), (680,880), (680,900), (700,880), (680,900), (700,880), (700,860), (680,840), (700,820), (720,820), (700,800), (720,780), (740,800), (740,780), (760,800), (760,820), (780,840), (780,820), (780,800), (780,780), (780,800), (760,800), (780,780), (800,760), (820,760), (820,780), (840,800), (840,820), (840,840), (820,860), (840,840), (860,840), (860,820), (840,840), (820,860), (840,840), (820,860), (800,840), (820,860), (820,880), (840,880), (820,900), (800,880), (780,860), (800,860), (800,880), (820,860), (800,860), (800,840), (820,840), (820,820), (820,840), (840,840), (860,820), (880,800), (880,780), (860,760), (840,760), (820,740), (840,720), (820,720), (820,740), (800,740), (820,720), (800,720), (780,700), (760,680), (760,660), (780,680), (800,700), (820,680), (840,680)

// Déplacements de l'unité terrestre 4 sur un horizon temporel (x_4^t, y_4^t) 
(520,880), (500,900), (520,900), (540,880), (560,880), (540,900), (540,920), (520,920), (520,940), (500,940), (520,920), (540,900), (520,920), (500,940), (520,940), (500,920), (520,940), (520,920), (500,900), (480,880), (500,860), (480,840), (480,860), (460,860), (440,880), (420,880), (440,900), (460,900), (480,900), (500,880), (480,860), (460,880), (440,860), (440,880), (420,900), (400,900), (380,900), (380,920), (400,920), (380,900), (360,880), (340,880), (320,860), (340,840), (360,820), (340,800), (360,780), (340,780), (360,780), (380,780), (400,760), (420,760), (440,740), (460,740), (440,760), (460,740), (480,760), (500,740), (500,760), (500,780), (500,760), (480,780), (460,800), (440,820), (460,820), (440,800), (460,820), (440,820), (420,840), (440,860), (420,840), (420,820), (420,840), (400,860), (420,880), (420,900), (440,920), (460,940), (460,960), (480,940), (460,920), (460,940), (480,920), (480,900), (460,880), (480,900), (500,900), (480,880), (460,860), (460,880), (440,860), (440,840), (420,840), (420,820), (400,820), (420,840), (420,860), (400,840), (420,860), (440,860)

// Déplacements de l'unité terrestre 5 sur un horizon temporel (x_5^t, y_5^t) 
(380,560), (400,580), (400,560), (420,580), (400,580), (400,560), (420,580), (440,560), (420,560), (440,560), (440,540), (460,520), (460,500), (460,480), (480,500), (480,480), (480,460), (460,480), (440,480), (440,500), (420,480), (420,460), (400,460), (380,480), (360,460), (380,440), (400,440), (420,420), (440,420), (460,440), (480,440), (460,460), (480,440), (480,420), (460,420), (480,440), (460,440), (460,460), (460,440), (440,460), (460,480), (480,460), (500,460), (480,440), (460,440), (480,420), (500,400), (520,380), (540,360), (560,340), (540,320), (560,300), (540,320), (560,300), (540,320), (540,340), (540,360), (560,340), (580,340), (560,340), (580,360), (600,340), (580,320), (580,300), (580,280), (580,300), (600,320), (620,300), (620,280), (600,300), (580,320), (580,340), (560,320), (560,340), (560,360), (540,380), (560,400), (560,380), (580,380), (580,360), (600,380), (580,400), (560,380), (560,400), (540,420), (520,400), (500,380), (500,400), (500,420), (520,440), (520,460), (500,480), (520,480), (500,460), (500,440), (480,440), (480,420), (500,440), (500,420), (500,440)

// Déplacements de l'unité terrestre 6 sur un horizon temporel (x_6^t, y_6^t) 
(20,480), (40,460), (60,440), (80,440), (100,460), (100,440), (120,460), (100,460), (80,460), (60,460), (80,480), (100,460), (100,480), (120,480), (120,500), (140,520), (140,500), (120,520), (100,520), (80,520), (100,500), (120,480), (140,480), (140,460), (120,460), (100,460), (120,480), (100,480), (100,460), (120,440), (140,460), (120,460), (120,480), (100,480), (120,480), (100,460), (100,440), (100,460), (80,460), (100,480), (80,460), (60,480), (40,500), (60,480), (40,460), (60,460), (40,480), (40,500), (60,520), (40,540), (60,540), (60,560), (80,540), (60,560), (80,560), (80,540), (80,560), (60,580), (80,580), (100,580), (120,580), (120,600), (120,580), (100,580), (100,560), (80,540), (60,520), (60,500), (40,500), (60,500), (60,520), (40,500), (60,500), (40,480), (20,480), (40,500), (60,480), (60,460), (60,440), (40,460), (40,440), (60,420), (60,440), (60,460), (80,440), (100,460), (120,440), (140,420), (160,440), (180,420), (160,400), (180,420), (200,400), (180,420), (160,420), (180,420), (200,400), (220,380), (240,360), (240,340)

// Déplacements de l'unité terrestre 7 sur un horizon temporel (x_7^t, y_7^t) 
(80,460), (60,460), (60,480), (80,460), (80,480), (100,460), (120,440), (120,420), (140,440), (140,460), (140,440), (140,460), (160,460), (140,480), (160,460), (140,440), (120,420), (100,440), (100,420), (80,440), (60,440), (40,460), (60,480), (60,460), (40,440), (20,440), (40,460), (20,480), (20,460), (20,480), (40,460), (60,480), (80,460), (60,460), (60,440), (60,420), (60,440), (40,420), (20,400), (40,400), (20,420), (40,420), (60,420), (80,420), (80,440), (60,420), (80,420), (60,440), (80,420), (80,440), (100,440), (120,460), (140,480), (160,480), (180,500), (180,480), (160,480), (180,480), (200,500), (220,520), (220,500), (240,520), (260,540), (240,540), (240,560), (240,540), (260,540), (240,540), (220,520), (200,540), (180,560), (180,580), (160,580), (160,600), (140,580), (160,580), (140,560), (160,540), (180,560), (200,560), (180,540), (180,520), (200,540), (180,540), (200,540), (220,540), (240,560), (220,540), (220,560), (240,580), (240,600), (240,580), (220,580), (240,560), (260,540), (260,560), (280,540), (280,520), (260,520), (240,540)

// Déplacements de l'unité terrestre 8 sur un horizon temporel (x_8^t, y_8^t) 
(720,200), (700,180), (680,180), (700,160), (720,160), (700,140), (700,120), (680,100), (660,80), (680,100), (700,80), (720,60), (720,80), (740,60), (720,40), (740,60), (740,40), (740,20), (760,20), (740,20), (760,20), (780,40), (800,20), (780,40), (780,60), (800,80), (800,100), (780,120), (760,140), (780,160), (760,140), (740,140), (760,140), (740,120), (760,120), (740,140), (760,120), (740,120), (720,140), (720,120), (740,120), (720,140), (700,160), (720,160), (700,180), (680,180), (700,200), (680,220), (660,220), (680,220), (660,220), (640,220), (660,220), (680,200), (700,220), (700,200), (720,220), (700,220), (720,220), (700,220), (720,220), (700,220), (720,240), (700,260), (700,240), (720,260), (740,240), (760,260), (780,280), (760,300), (780,300), (760,320), (740,340), (720,360), (700,360), (680,380), (680,360), (680,340), (660,360), (640,380), (620,380), (600,380), (620,360), (640,360), (620,360), (620,340), (620,360), (620,380), (620,360), (600,380), (600,400), (580,420), (560,420), (580,420), (580,440), (580,460), (600,480), (620,460), (640,440), (620,440)

// Déplacements de l'unité terrestre 9 sur un horizon temporel (x_9^t, y_9^t) 
(80,160), (60,160), (40,180), (40,200), (60,200), (80,180), (80,200), (60,180), (40,160), (40,180), (40,160), (40,180), (20,160), (40,180), (60,180), (40,160), (40,180), (60,200), (60,180), (40,160), (40,140), (40,160), (40,180), (60,160), (80,140), (60,140), (60,120), (60,100), (40,100), (60,100), (60,80), (40,80), (60,80), (80,60), (60,80), (40,80), (60,80), (80,60), (100,80), (80,80), (60,100), (80,120), (60,140), (60,160), (60,180), (40,160), (20,160), (40,160), (20,140), (40,120), (20,100), (20,80), (20,60), (40,80), (60,80), (40,80), (20,60), (40,60), (60,40), (80,40), (60,20), (80,20), (100,20), (120,40), (100,60), (100,40), (100,60), (120,40), (100,60), (100,40), (120,60), (140,80), (160,80), (140,80), (140,100), (120,100), (140,120), (140,140), (140,120), (160,120), (180,120), (160,140), (160,160), (140,160), (120,160), (120,180), (140,180), (160,200), (180,200), (160,200), (160,220), (180,220), (180,240), (180,220), (200,220), (220,200), (200,220), (180,240), (180,260), (160,260)

// Déplacements de l'unité terrestre 10 sur un horizon temporel (x_10^t, y_10^t) 
(820,740), (800,760), (800,780), (780,760), (800,760), (820,780), (840,800), (820,820), (800,840), (780,860), (780,840), (780,860), (780,880), (760,860), (740,860), (760,860), (760,880), (740,860), (760,860), (740,860), (720,840), (740,860), (760,860), (780,880), (760,880), (740,860), (740,880), (720,860), (720,840), (740,840), (760,820), (740,800), (760,820), (780,840), (760,860), (740,840), (720,860), (700,880), (680,860), (660,860), (680,840), (700,820), (680,820), (680,800), (700,800), (680,800), (700,800), (680,780), (660,780), (680,800), (700,820), (700,800), (680,800), (680,780), (680,760), (680,780), (700,780), (700,760), (680,780), (680,800), (680,820), (700,820), (720,840), (740,840), (720,820), (740,820), (760,820), (760,840), (780,860), (760,860), (740,840), (720,860), (700,840), (720,860), (740,880), (720,880), (740,900), (760,920), (740,940), (720,960), (700,980), (720,980), (700,980), (720,980), (700,960), (680,980), (700,960), (680,940), (680,960), (680,940), (680,960), (680,980), (700,960), (680,940), (700,960), (680,940), (660,920), (640,940), (660,960), (680,960)

