// Déplacements de l'unité terrestre 1 sur un horizon temporel (x_1^t, y_1^t) 
(660,740), (680,720), (700,720), (700,700), (680,720), (700,720), (720,700), (740,700), (760,700), (780,720), (780,740), (780,760), (800,740), (780,740), (800,760), (820,760), (840,780), (860,800), (840,800), (860,820), (840,820), (840,800), (840,820), (860,840), (840,860), (820,880), (800,880), (780,880), (760,860), (780,860), (760,840), (760,860), (780,860), (760,840), (740,820), (760,840), (740,860), (740,840), (720,860), (700,840), (700,860), (700,880), (720,880), (740,880), (760,900), (780,920), (800,940), (820,940), (840,940), (820,960), (840,940), (860,940), (860,920), (880,920), (900,920), (880,900), (900,920), (920,940), (940,960), (960,980), (960,960), (940,980), (920,980), (940,980), (920,980), (900,980), (920,980), (940,960), (960,980), (940,980), (960,960), (980,960), (960,940), (940,940), (960,960), (980,980), (980,960), (960,940), (960,960), (940,960), (940,940), (960,940), (960,960), (980,960), (980,980), (960,980), (980,980), (960,980), (940,980), (920,980), (920,960), (940,960), (960,960), (940,940), (920,940), (920,960), (900,980), (900,960), (900,940), (900,960)

// Déplacements de l'unité terrestre 2 sur un horizon temporel (x_2^t, y_2^t) 
(320,360), (320,340), (320,360), (340,360), (360,360), (360,340), (340,340), (320,340), (300,320), (300,340), (320,320), (340,340), (360,320), (380,340), (360,340), (340,340), (320,320), (340,340), (360,340), (340,340), (360,360), (340,380), (320,360), (300,380), (300,400), (320,380), (300,380), (320,400), (300,400), (320,420), (340,400), (360,380), (380,400), (400,400), (380,400), (360,380), (380,400), (360,380), (340,380), (320,400), (340,400), (320,380), (320,400), (340,400), (360,380), (360,400), (380,420), (380,400), (400,380), (420,380), (440,380), (460,380), (440,360), (460,360), (460,380), (460,360), (440,340), (460,340), (440,340), (440,320), (440,340), (420,320), (420,340), (440,360), (420,380), (420,360), (440,340), (460,360), (460,380), (460,360), (460,340), (440,320), (420,320), (440,340), (460,320), (440,320), (440,340), (440,320), (440,300), (420,280), (440,300), (420,320), (440,300), (420,300), (400,320), (420,340), (420,320), (420,340), (440,340), (420,340), (400,360), (380,360), (400,360), (420,340), (400,360), (400,340), (420,340), (440,340), (420,340), (420,320)

// Déplacements de l'unité terrestre 3 sur un horizon temporel (x_3^t, y_3^t) 
(660,420), (680,400), (680,380), (700,400), (700,380), (720,380), (720,400), (720,420), (720,400), (740,400), (720,400), (720,420), (740,420), (720,400), (720,420), (700,420), (720,400), (700,380), (680,360), (700,340), (720,360), (700,340), (700,360), (720,340), (700,340), (720,360), (740,360), (760,360), (760,380), (740,380), (720,380), (740,360), (760,360), (780,360), (780,340), (800,340), (820,320), (840,300), (860,320), (840,300), (840,320), (820,320), (840,340), (840,360), (860,380), (880,360), (860,340), (880,340), (860,360), (840,360), (820,360), (800,340), (820,360), (800,360), (820,340), (800,360), (780,380), (800,400), (820,380), (820,360), (840,380), (860,360), (860,340), (860,320), (860,300), (860,320), (880,320), (880,340), (900,360), (880,340), (860,340), (880,360), (880,380), (900,400), (900,420), (880,440), (860,420), (840,420), (860,440), (880,420), (860,440), (840,420), (820,400), (820,380), (800,400), (800,380), (780,380), (780,400), (780,420), (780,440), (760,440), (740,460), (760,480), (740,480), (740,460), (740,440), (760,420), (740,400), (760,400), (780,380)

// Déplacements de l'unité terrestre 4 sur un horizon temporel (x_4^t, y_4^t) 
(480,780), (480,760), (480,740), (480,720), (460,700), (480,680), (460,660), (440,660), (460,640), (480,620), (480,600), (460,580), (460,560), (480,560), (500,540), (500,520), (520,540), (500,520), (500,500), (500,520), (520,520), (540,520), (520,540), (500,560), (480,540), (500,560), (500,540), (480,520), (460,540), (440,560), (460,560), (480,540), (480,560), (500,560), (500,580), (500,600), (520,580), (500,600), (500,580), (500,560), (480,560), (500,580), (520,600), (520,580), (540,580), (520,580), (540,580), (520,580), (500,560), (520,580), (540,560), (560,540), (560,560), (580,580), (600,580), (620,580), (600,600), (580,620), (580,640), (580,660), (560,640), (560,660), (560,680), (540,700), (560,700), (580,700), (580,720), (600,740), (600,760), (620,740), (640,740), (660,760), (680,740), (700,760), (720,780), (720,800), (700,820), (680,820), (700,840), (700,860), (700,840), (680,860), (700,860), (700,880), (680,900), (680,920), (660,900), (660,920), (640,900), (640,920), (660,940), (680,920), (700,900), (720,920), (740,900), (740,920), (760,940), (780,940), (760,920), (780,900)

// Déplacements de l'unité terrestre 5 sur un horizon temporel (x_5^t, y_5^t) 
(240,780), (220,780), (200,760), (220,780), (220,760), (200,740), (200,720), (180,720), (160,740), (180,720), (180,700), (160,720), (160,740), (160,760), (160,780), (160,760), (140,780), (160,800), (140,820), (160,800), (140,820), (120,800), (120,780), (100,780), (120,780), (100,760), (80,740), (100,720), (80,740), (60,740), (40,740), (20,720), (20,740), (20,720), (40,700), (60,720), (80,700), (100,680), (80,660), (60,640), (40,620), (60,620), (60,640), (40,640), (20,660), (40,680), (20,680), (40,680), (60,700), (40,700), (20,680), (20,660), (40,660), (60,660), (80,640), (100,660), (100,640), (80,660), (100,640), (100,620), (80,600), (100,620), (80,620), (100,600), (120,620), (140,620), (120,600), (120,620), (100,600), (120,620), (140,640), (120,660), (120,640), (100,640), (120,640), (140,640), (140,660), (120,660), (140,680), (140,660), (140,640), (160,620), (140,600), (120,600), (140,580), (120,600), (100,580), (120,580), (140,600), (140,580), (140,560), (120,580), (100,580), (120,560), (140,580), (160,560), (180,560), (200,540), (200,560), (220,540)

// Déplacements de l'unité terrestre 6 sur un horizon temporel (x_6^t, y_6^t) 
(100,100), (100,120), (80,100), (60,120), (80,120), (60,140), (40,120), (60,120), (80,100), (80,80), (80,60), (100,80), (80,80), (80,60), (100,80), (80,100), (60,80), (60,60), (40,40), (20,20), (40,40), (40,60), (40,80), (60,60), (60,80), (60,60), (60,40), (40,40), (20,60), (40,60), (20,40), (40,20), (20,20), (20,40), (20,20), (40,20), (60,20), (40,20), (40,40), (60,20), (40,20), (20,40), (20,20), (20,40), (40,40), (60,60), (60,40), (80,60), (60,40), (40,40), (20,60), (40,60), (60,40), (80,60), (60,60), (60,40), (60,20), (40,40), (40,60), (40,80), (60,60), (80,60), (80,40), (60,40), (80,20), (100,20), (80,20), (100,20), (120,20), (140,40), (140,60), (140,40), (160,20), (160,40), (180,60), (160,40), (180,40), (200,20), (180,20), (160,20), (180,20), (180,40), (200,40), (180,60), (180,80), (160,80), (160,60), (160,40), (160,60), (180,60), (200,80), (220,60), (240,60), (260,80), (280,60), (260,60), (280,60), (260,60), (280,80), (300,100)

// Déplacements de l'unité terrestre 7 sur un horizon temporel (x_7^t, y_7^t) 
(880,320), (880,340), (860,340), (860,320), (880,300), (880,320), (880,300), (860,280), (860,300), (880,320), (880,300), (900,320), (920,340), (900,340), (900,360), (900,340), (920,320), (900,320), (900,340), (920,320), (900,320), (920,320), (920,300), (920,280), (900,260), (920,260), (900,240), (920,240), (940,260), (920,260), (900,240), (900,260), (900,240), (920,220), (940,200), (960,180), (940,200), (960,220), (980,200), (960,200), (960,220), (960,200), (980,220), (960,200), (960,220), (940,200), (940,220), (920,220), (900,240), (880,220), (860,200), (860,180), (880,180), (860,200), (840,200), (860,220), (860,200), (840,220), (860,200), (840,220), (840,200), (840,220), (820,200), (840,180), (820,200), (840,200), (840,180), (860,200), (880,200), (900,220), (880,240), (880,260), (880,240), (880,220), (880,200), (880,180), (860,180), (880,160), (900,160), (900,180), (900,160), (900,140), (900,120), (920,140), (940,120), (940,100), (940,120), (960,120), (940,140), (920,140), (920,120), (920,140), (900,140), (920,120), (900,140), (900,120), (920,140), (900,120), (920,140), (940,120)

// Déplacements de l'unité terrestre 8 sur un horizon temporel (x_8^t, y_8^t) 
(840,380), (820,380), (800,400), (800,420), (820,400), (820,380), (840,380), (840,400), (860,420), (840,420), (840,440), (820,460), (840,480), (860,460), (860,480), (840,480), (860,460), (840,480), (860,500), (860,480), (840,460), (840,440), (860,460), (880,460), (900,440), (900,420), (880,400), (880,380), (860,400), (880,400), (880,380), (860,380), (880,400), (880,420), (860,400), (860,420), (880,440), (860,440), (860,460), (860,440), (860,420), (840,400), (820,420), (800,440), (820,460), (800,460), (800,480), (800,500), (780,500), (760,520), (740,540), (740,560), (720,560), (700,580), (720,600), (720,580), (720,560), (740,580), (760,560), (740,560), (740,580), (740,560), (720,560), (740,540), (760,560), (740,580), (760,560), (780,580), (760,560), (780,540), (780,560), (800,540), (800,520), (780,520), (780,540), (780,520), (780,500), (760,500), (740,520), (720,540), (740,520), (720,500), (740,480), (720,480), (720,500), (740,480), (740,460), (740,480), (760,500), (760,480), (740,480), (720,500), (700,500), (700,520), (680,540), (680,520), (700,500), (700,480), (680,460), (680,480)

// Déplacements de l'unité terrestre 9 sur un horizon temporel (x_9^t, y_9^t) 
(540,620), (540,640), (520,620), (500,600), (480,580), (500,580), (500,600), (500,620), (520,600), (540,620), (560,600), (580,580), (560,600), (540,620), (520,600), (540,580), (540,560), (560,540), (580,540), (600,560), (580,560), (600,580), (580,600), (580,620), (580,640), (560,660), (580,660), (580,640), (560,660), (560,680), (560,660), (560,680), (540,700), (520,680), (540,700), (520,680), (500,660), (500,640), (520,640), (540,660), (540,680), (520,700), (540,720), (540,700), (560,720), (560,740), (540,720), (520,700), (540,680), (540,700), (560,720), (560,740), (580,720), (560,740), (540,740), (560,760), (560,740), (560,720), (540,700), (560,720), (580,700), (580,720), (560,700), (540,720), (520,700), (500,720), (500,700), (520,720), (500,700), (520,720), (540,720), (560,720), (540,740), (540,720), (560,720), (540,740), (520,720), (540,720), (540,740), (520,740), (500,740), (500,720), (500,740), (500,720), (500,700), (520,720), (500,740), (520,760), (520,740), (520,760), (520,780), (520,760), (500,740), (500,720), (500,740), (500,720), (500,700), (520,680), (540,700), (540,680)

// Déplacements de l'unité terrestre 10 sur un horizon temporel (x_10^t, y_10^t) 
(920,240), (940,240), (960,240), (960,220), (960,240), (940,240), (960,240), (940,260), (960,280), (940,280), (920,260), (900,260), (920,240), (900,240), (920,240), (940,240), (920,220), (920,200), (900,200), (880,180), (900,180), (900,200), (920,200), (900,220), (880,220), (900,220), (880,240), (880,260), (880,240), (900,260), (880,240), (900,240), (900,220), (920,200), (900,220), (920,240), (900,240), (880,260), (900,280), (900,260), (880,260), (900,260), (920,260), (920,240), (900,220), (880,220), (900,240), (880,240), (860,260), (840,240), (840,260), (840,280), (840,300), (820,320), (820,340), (800,360), (800,380), (800,400), (800,380), (780,360), (800,360), (820,380), (820,360), (840,360), (840,340), (820,340), (820,320), (800,320), (800,300), (780,300), (800,300), (820,280), (800,260), (800,280), (800,300), (820,280), (820,260), (800,280), (780,260), (800,260), (820,240), (840,220), (840,240), (820,240), (820,220), (840,220), (860,200), (880,220), (860,220), (860,240), (880,260), (900,240), (900,260), (880,240), (860,260), (860,280), (860,260), (880,280), (860,260), (880,240)

