// Déplacements de l'unité terrestre 1 sur un horizon temporel (x_1^t, y_1^t) 
(200,160), (220,180), (240,200), (220,180), (220,200), (200,200), (200,220), (220,220), (220,240), (200,260), (200,240), (180,260), (160,280), (140,260), (160,260), (180,240), (160,220), (160,200), (140,220), (140,240), (140,260), (120,260), (120,240), (100,220), (120,220), (140,220), (140,240), (140,220), (120,220), (100,240), (100,260), (120,280), (100,280), (80,280), (100,300), (80,320), (60,340), (40,320), (40,300), (60,300), (80,280), (100,280), (80,260), (60,240), (80,220), (60,220), (40,220), (60,240), (40,260), (20,260), (40,260), (20,280), (40,280), (60,300), (60,320), (40,300), (60,280), (80,280), (80,260), (60,260), (40,240), (20,220), (20,200), (40,220), (60,200), (60,180), (80,200), (100,200), (80,180), (100,180), (120,180), (100,180), (80,200), (100,220), (120,220), (100,200), (120,200), (140,180), (160,200), (160,220), (160,200), (160,220), (160,200), (140,220), (160,220), (140,220), (160,220), (180,240), (180,220), (200,240), (220,220), (200,220), (220,200), (240,220), (220,200), (220,180), (240,180), (220,200), (200,200), (180,180)

// Déplacements de l'unité terrestre 2 sur un horizon temporel (x_2^t, y_2^t) 
(120,760), (140,780), (160,780), (180,800), (160,800), (160,820), (140,840), (140,820), (120,820), (120,840), (100,820), (80,800), (80,780), (60,800), (80,820), (80,840), (60,840), (60,820), (60,840), (40,820), (20,800), (40,800), (40,780), (40,800), (60,820), (80,840), (80,860), (100,840), (100,860), (80,840), (100,860), (80,880), (60,900), (60,880), (80,900), (80,920), (100,940), (120,940), (140,960), (120,980), (120,960), (120,940), (120,960), (140,980), (120,960), (140,940), (140,960), (120,980), (100,980), (80,980), (60,980), (60,960), (60,940), (60,960), (60,980), (60,960), (40,980), (20,980), (40,980), (60,980), (80,960), (60,960), (40,940), (60,920), (40,920), (20,900), (40,900), (20,900), (40,880), (60,860), (80,840), (60,820), (40,820), (20,800), (40,800), (40,820), (60,820), (40,820), (40,800), (40,780), (60,800), (80,780), (60,760), (40,780), (20,780), (20,800), (40,780), (40,760), (40,780), (40,760), (40,740), (20,760), (20,740), (40,760), (40,780), (40,800), (20,820), (20,800), (40,820), (60,820)

// Déplacements de l'unité terrestre 3 sur un horizon temporel (x_3^t, y_3^t) 
(620,300), (620,280), (600,300), (620,300), (640,320), (620,340), (620,360), (640,340), (660,360), (660,340), (680,340), (680,360), (660,360), (640,360), (660,380), (640,400), (620,400), (640,400), (620,420), (600,440), (580,460), (560,480), (540,460), (560,480), (540,500), (540,520), (520,520), (540,500), (520,480), (540,500), (520,500), (500,500), (520,500), (540,500), (560,500), (540,480), (520,500), (540,480), (560,500), (560,520), (580,500), (600,480), (580,500), (600,520), (580,500), (600,480), (620,480), (600,460), (620,480), (640,500), (660,480), (640,500), (640,520), (620,500), (640,480), (620,500), (640,500), (620,480), (640,480), (620,500), (620,520), (600,540), (580,540), (600,540), (580,540), (600,540), (580,560), (580,540), (600,540), (600,520), (600,500), (620,520), (600,520), (580,540), (600,560), (620,580), (640,580), (620,580), (620,600), (640,580), (640,560), (640,580), (620,560), (600,540), (620,560), (600,580), (580,560), (600,560), (620,580), (640,600), (620,620), (620,640), (600,640), (600,660), (620,660), (620,680), (640,700), (660,680), (660,700), (680,680)

// Déplacements de l'unité terrestre 4 sur un horizon temporel (x_4^t, y_4^t) 
(160,460), (180,460), (180,440), (200,440), (180,460), (200,480), (220,460), (240,440), (260,460), (280,480), (260,500), (240,520), (260,540), (240,560), (220,560), (240,540), (260,520), (240,500), (220,520), (240,540), (260,560), (280,560), (300,580), (320,600), (300,600), (320,600), (300,600), (280,580), (300,560), (280,540), (280,560), (300,580), (320,560), (320,580), (320,560), (300,580), (280,580), (260,560), (260,580), (240,600), (260,600), (280,580), (300,600), (280,620), (260,620), (280,620), (260,620), (260,600), (280,620), (260,620), (240,620), (240,640), (260,660), (280,660), (280,680), (280,700), (260,700), (280,720), (260,740), (240,740), (240,720), (260,720), (240,740), (260,720), (280,740), (260,760), (240,780), (240,800), (240,780), (240,760), (240,740), (260,720), (240,740), (220,760), (200,760), (180,740), (180,760), (200,780), (200,760), (180,780), (180,760), (180,780), (200,800), (200,820), (220,820), (220,800), (220,820), (240,820), (240,840), (220,860), (220,840), (240,840), (240,820), (220,820), (200,800), (200,780), (220,760), (200,780), (180,780), (160,780)

// Déplacements de l'unité terrestre 5 sur un horizon temporel (x_5^t, y_5^t) 
(540,640), (560,660), (560,640), (560,620), (540,640), (520,660), (520,640), (540,620), (540,640), (540,660), (520,680), (520,660), (540,660), (540,680), (540,660), (560,680), (560,660), (580,660), (580,640), (580,660), (560,640), (560,620), (580,640), (580,620), (580,600), (600,620), (600,640), (600,620), (600,640), (600,660), (600,680), (620,660), (640,640), (660,660), (680,640), (700,620), (720,620), (720,600), (740,600), (760,620), (740,620), (720,600), (700,580), (720,580), (720,560), (700,560), (720,540), (720,520), (700,520), (720,500), (740,480), (720,500), (700,520), (680,520), (660,500), (640,480), (640,460), (620,460), (600,460), (580,460), (600,480), (580,460), (580,480), (600,480), (580,500), (600,480), (600,460), (580,440), (600,420), (620,400), (600,420), (580,420), (600,400), (580,400), (600,380), (620,400), (600,380), (580,400), (600,380), (620,360), (620,380), (600,380), (600,400), (600,380), (620,360), (620,340), (600,340), (600,320), (580,340), (560,360), (540,360), (560,380), (560,360), (540,340), (560,320), (560,340), (540,360), (520,380), (540,400), (560,400)

// Déplacements de l'unité terrestre 6 sur un horizon temporel (x_6^t, y_6^t) 
(380,680), (380,700), (380,680), (360,700), (340,700), (360,680), (380,660), (400,660), (420,680), (420,700), (440,720), (460,740), (480,740), (500,720), (500,700), (500,680), (480,660), (500,660), (520,640), (500,640), (480,660), (460,660), (440,660), (420,640), (420,620), (400,640), (400,660), (380,660), (360,660), (360,640), (340,660), (320,660), (300,660), (320,660), (340,660), (360,660), (380,680), (360,700), (340,720), (360,720), (380,740), (380,720), (360,740), (340,740), (320,740), (340,720), (320,740), (300,740), (280,760), (260,740), (280,720), (260,740), (260,720), (240,740), (220,740), (220,720), (200,700), (200,720), (180,700), (200,700), (220,700), (240,720), (260,720), (240,700), (240,680), (260,660), (260,680), (260,700), (280,680), (280,660), (280,640), (300,640), (280,620), (260,640), (240,640), (240,660), (220,660), (200,640), (220,660), (240,660), (240,680), (220,700), (220,720), (240,720), (240,740), (240,720), (220,720), (220,700), (200,700), (220,680), (240,680), (220,700), (240,700), (220,720), (240,740), (260,720), (260,740), (240,720), (240,740), (260,740)

// Déplacements de l'unité terrestre 7 sur un horizon temporel (x_7^t, y_7^t) 
(600,880), (620,900), (620,920), (640,940), (640,920), (620,920), (600,940), (620,940), (620,960), (640,980), (660,980), (640,980), (660,960), (680,960), (660,960), (640,960), (660,980), (640,960), (660,940), (640,960), (620,960), (600,980), (620,980), (640,960), (660,960), (640,960), (640,940), (660,940), (660,920), (640,940), (640,920), (660,900), (680,920), (680,900), (680,920), (660,900), (680,900), (660,900), (640,880), (660,860), (680,860), (700,860), (720,840), (740,820), (720,800), (700,820), (700,840), (680,860), (700,840), (680,840), (660,860), (680,840), (680,820), (680,840), (660,820), (660,840), (680,840), (660,860), (680,860), (700,860), (680,860), (660,860), (680,840), (680,820), (680,840), (660,840), (640,840), (620,860), (640,840), (620,840), (620,820), (600,840), (580,860), (600,860), (580,840), (560,840), (540,820), (520,800), (540,780), (560,780), (580,760), (600,760), (580,760), (600,780), (600,800), (620,820), (600,800), (620,800), (600,800), (580,820), (560,840), (560,860), (540,840), (540,820), (520,800), (520,820), (540,800), (520,780), (540,760), (560,740)

// Déplacements de l'unité terrestre 8 sur un horizon temporel (x_8^t, y_8^t) 
(40,20), (20,20), (40,20), (20,20), (40,40), (20,60), (20,40), (40,60), (20,60), (40,40), (60,60), (60,40), (80,20), (60,40), (40,60), (40,40), (20,60), (20,80), (20,60), (20,40), (40,40), (40,20), (20,20), (40,20), (60,20), (40,40), (20,40), (20,60), (20,80), (20,100), (40,120), (60,140), (40,160), (20,140), (40,140), (40,120), (60,100), (60,80), (40,80), (60,80), (40,100), (20,100), (40,100), (60,100), (40,100), (20,100), (40,100), (60,80), (60,60), (60,40), (60,20), (60,40), (60,20), (80,20), (80,40), (60,40), (40,20), (20,40), (40,40), (40,60), (60,40), (40,40), (40,60), (60,80), (60,60), (60,40), (80,20), (100,40), (80,40), (100,20), (100,40), (80,20), (100,20), (100,40), (80,20), (80,40), (80,20), (60,40), (40,40), (20,40), (40,40), (20,20), (40,20), (40,40), (40,60), (60,40), (80,60), (60,60), (60,80), (40,100), (20,120), (40,120), (60,120), (60,140), (80,140), (100,160), (120,160), (120,140), (140,160), (120,180)

// Déplacements de l'unité terrestre 9 sur un horizon temporel (x_9^t, y_9^t) 
(140,160), (120,140), (100,120), (120,140), (120,160), (120,140), (100,160), (80,160), (100,160), (80,140), (100,140), (100,160), (120,140), (140,140), (120,140), (100,160), (100,140), (100,120), (100,140), (100,120), (120,120), (140,100), (140,120), (140,140), (120,160), (100,140), (120,120), (100,100), (120,100), (120,120), (140,140), (160,120), (140,100), (120,100), (120,120), (100,140), (80,140), (80,160), (80,140), (60,120), (60,140), (80,140), (80,160), (60,140), (80,120), (60,140), (40,120), (40,140), (20,140), (40,120), (40,100), (20,100), (20,80), (40,60), (60,40), (80,60), (100,80), (120,80), (140,80), (120,100), (100,100), (100,80), (120,100), (140,100), (120,100), (100,100), (80,100), (100,100), (80,120), (100,100), (80,120), (60,140), (60,160), (80,180), (100,180), (80,160), (80,180), (60,180), (80,160), (60,180), (80,160), (80,140), (80,120), (80,140), (100,140), (120,160), (140,140), (140,120), (160,140), (140,120), (140,100), (120,80), (120,60), (100,60), (100,80), (80,80), (100,80), (80,60), (100,40), (100,20)

// Déplacements de l'unité terrestre 10 sur un horizon temporel (x_10^t, y_10^t) 
(580,120), (600,100), (600,80), (580,100), (560,120), (540,120), (540,140), (560,120), (560,140), (540,120), (560,100), (560,80), (540,60), (560,40), (580,60), (560,80), (540,80), (540,100), (560,80), (580,80), (580,60), (560,80), (560,60), (580,80), (560,80), (540,80), (560,60), (540,40), (560,20), (580,40), (600,60), (620,60), (600,80), (620,100), (620,80), (600,100), (580,80), (580,100), (600,80), (620,60), (640,60), (620,40), (620,20), (600,20), (620,40), (640,40), (640,20), (620,20), (640,20), (620,20), (640,40), (620,60), (640,40), (660,60), (660,80), (680,60), (700,80), (720,100), (740,80), (760,60), (780,80), (780,100), (760,120), (740,120), (740,140), (760,160), (740,140), (720,160), (740,160), (720,140), (740,160), (760,180), (780,160), (760,160), (780,180), (760,160), (740,140), (760,140), (740,160), (720,160), (700,160), (680,180), (660,180), (660,160), (680,140), (700,120), (720,120), (700,140), (680,120), (680,100), (700,100), (680,100), (700,120), (720,120), (740,140), (760,140), (740,140), (720,140), (700,140), (680,140)

