// Nombre d'états (#T), de HAPS (#H), de positions envisageables pour le déploiement (#E) de types de communication (#C), d'unités (#U) et de bases (#B)
100, 10, 49, 15, 10, 1

// Altitude de déploiement des HAPS (A)
20

// Nombre de relais par type de communication (R_1, R_2, ...)
4, 4, 4, 4, 4, 4, 4, 4, 4, 4, 4, 4, 4, 4, 4

// Types de communication de chaque unité (C_u)
1, 2
12, 13
13, 11, 6
11, 10, 2
8, 6
4, 1, 7
12
9, 3, 8
1, 13
7

// Types de communication de chaque base (C_b)
1, 2, 3, 4, 5, 6, 7, 8, 9, 10, 11, 12, 13, 14, 15

// Positions des bases (x_b, y_b)
600, 750

// Positions envisageables pour le déploiement d'un HAPS (x_e, y_e)
0, 0
150, 0
300, 0
450, 0
600, 0
750, 0
900, 0
0, 150
150, 150
300, 150
450, 150
600, 150
750, 150
900, 150
0, 300
150, 300
300, 300
450, 300
600, 300
750, 300
900, 300
0, 450
150, 450
300, 450
450, 450
600, 450
750, 450
900, 450
0, 600
150, 600
300, 600
450, 600
600, 600
750, 600
900, 600
0, 750
150, 750
300, 750
450, 750
600, 750
750, 750
900, 750
0, 900
150, 900
300, 900
450, 900
600, 900
750, 900
900, 900

// Poids et puissance maximale de chacun des HAPS (W_h, P_h)
196, 147
157, 171
171, 111
162, 138
185, 101
199, 104
117, 188
171, 125
170, 109
180, 198

// Poids, puissance et portée de chacun des relais de type 1 (w_r, p_r, s_r)
53, 89, 122
80, 90, 112
60, 75, 193
82, 58, 120

// Poids, puissance et portée de chacun des relais de type 2 (w_r, p_r, s_r)
41, 41, 124
64, 44, 89
59, 61, 123
57, 88, 132

// Poids, puissance et portée de chacun des relais de type 3 (w_r, p_r, s_r)
66, 50, 150
42, 65, 184
81, 40, 85
81, 89, 130

//
56, 43, 175
89, 52, 141
55, 46, 188
76, 87, 157

//
88, 90, 191
46, 60, 183
83, 79, 127
63, 81, 123

//
46, 88, 168
55, 55, 196
52, 79, 103
57, 80, 83

//
63, 84, 185
77, 63, 109
46, 43, 169
50, 51, 193

//
82, 68, 91
53, 78, 108
78, 71, 169
55, 48, 171

//
56, 71, 137
74, 58, 175
73, 79, 100
44, 62, 97

//
46, 68, 198
49, 88, 104
90, 55, 102
62, 68, 178

//
53, 47, 192
85, 42, 137
43, 73, 80
87, 48, 153

//
59, 64, 110
82, 44, 153
46, 50, 93
48, 85, 83

//
80, 41, 134
79, 64, 99
55, 61, 137
72, 69, 121

//
67, 64, 95
73, 68, 99
67, 52, 143
74, 41, 81

//
63, 62, 102
65, 56, 105
85, 62, 134
87, 83, 147

