// Déplacements de l'unité terrestre 1 sur un horizon temporel (x_1^t, y_1^t) 
(160.0,460.0), (160.0,440.0), (180.0,460.0), (200.0,460.0), (180.0,480.0), (160.0,480.0), (140.0,460.0), (140.0,480.0), (120.0,500.0), (100.0,500.0), (100.0,520.0), (120.0,500.0), (140.0,480.0), (140.0,500.0), (160.0,520.0), (140.0,520.0), (160.0,540.0), (140.0,560.0), (120.0,580.0), (140.0,560.0), (140.0,540.0), (120.0,560.0), (140.0,580.0), (120.0,600.0), (100.0,600.0), (120.0,620.0), (120.0,600.0), (120.0,620.0), (100.0,600.0), (80.0,620.0), (60.0,620.0), (40.0,640.0), (60.0,620.0), (60.0,600.0), (60.0,580.0), (40.0,580.0), (40.0,560.0), (40.0,540.0), (60.0,560.0), (80.0,580.0), (80.0,600.0), (80.0,620.0), (60.0,640.0), (80.0,640.0), (80.0,660.0), (60.0,660.0), (40.0,680.0), (40.0,660.0), (60.0,660.0), (60.0,680.0), (60.0,660.0), (60.0,680.0), (60.0,700.0), (60.0,680.0), (40.0,700.0), (20.0,680.0), (20.0,700.0), (40.0,720.0), (40.0,740.0), (60.0,740.0), (80.0,720.0), (100.0,740.0), (100.0,760.0), (100.0,740.0), (100.0,760.0), (80.0,760.0), (60.0,760.0), (80.0,740.0), (100.0,720.0), (100.0,700.0), (120.0,680.0), (120.0,700.0), (100.0,720.0), (100.0,700.0), (100.0,680.0), (120.0,680.0), (100.0,680.0), (120.0,700.0), (120.0,680.0), (140.0,700.0), (160.0,680.0), (160.0,660.0), (180.0,680.0), (180.0,660.0), (160.0,680.0), (180.0,700.0), (200.0,700.0), (220.0,720.0), (200.0,700.0), (200.0,720.0), (180.0,740.0), (180.0,720.0), (200.0,740.0), (220.0,760.0), (200.0,740.0), (220.0,760.0), (200.0,740.0), (220.0,760.0), (220.0,780.0), (240.0,780.0)

// Déplacements de l'unité terrestre 2 sur un horizon temporel (x_2^t, y_2^t) 
(880.0,680.0), (880.0,660.0), (880.0,640.0), (880.0,660.0), (880.0,680.0), (880.0,660.0), (880.0,680.0), (900.0,660.0), (880.0,640.0), (860.0,640.0), (840.0,620.0), (820.0,640.0), (840.0,660.0), (820.0,660.0), (800.0,680.0), (780.0,660.0), (800.0,680.0), (780.0,700.0), (800.0,680.0), (780.0,680.0), (800.0,680.0), (780.0,660.0), (800.0,660.0), (820.0,680.0), (840.0,680.0), (820.0,700.0), (840.0,680.0), (840.0,660.0), (820.0,680.0), (840.0,700.0), (820.0,700.0), (840.0,700.0), (840.0,680.0), (820.0,700.0), (840.0,680.0), (840.0,700.0), (860.0,700.0), (880.0,680.0), (880.0,660.0), (900.0,660.0), (880.0,640.0), (900.0,640.0), (880.0,640.0), (860.0,660.0), (860.0,640.0), (860.0,660.0), (880.0,640.0), (860.0,640.0), (860.0,620.0), (880.0,600.0), (900.0,580.0), (920.0,600.0), (920.0,620.0), (900.0,600.0), (880.0,580.0), (860.0,580.0), (880.0,600.0), (860.0,580.0), (860.0,600.0), (840.0,600.0), (860.0,600.0), (880.0,580.0), (900.0,560.0), (880.0,580.0), (880.0,600.0), (900.0,620.0), (920.0,620.0), (940.0,620.0), (960.0,620.0), (980.0,640.0), (980.0,620.0), (980.0,640.0), (960.0,640.0), (980.0,640.0), (960.0,640.0), (960.0,620.0), (940.0,640.0), (920.0,640.0), (900.0,640.0), (900.0,620.0), (880.0,640.0), (900.0,620.0), (920.0,600.0), (920.0,580.0), (900.0,600.0), (900.0,580.0), (880.0,600.0), (900.0,620.0), (880.0,620.0), (860.0,620.0), (840.0,620.0), (860.0,620.0), (880.0,600.0), (900.0,580.0), (900.0,600.0), (900.0,580.0), (880.0,580.0), (860.0,560.0), (860.0,580.0), (840.0,560.0)

// Déplacements de l'unité terrestre 3 sur un horizon temporel (x_3^t, y_3^t) 
(640.0,320.0), (660.0,300.0), (660.0,280.0), (680.0,280.0), (660.0,260.0), (660.0,240.0), (680.0,240.0), (700.0,220.0), (720.0,240.0), (700.0,240.0), (720.0,240.0), (700.0,260.0), (700.0,280.0), (680.0,260.0), (700.0,280.0), (720.0,300.0), (700.0,280.0), (680.0,260.0), (680.0,240.0), (700.0,260.0), (720.0,280.0), (700.0,280.0), (720.0,280.0), (720.0,300.0), (740.0,320.0), (760.0,300.0), (760.0,320.0), (760.0,300.0), (760.0,280.0), (760.0,260.0), (740.0,280.0), (720.0,260.0), (700.0,260.0), (720.0,260.0), (700.0,280.0), (680.0,280.0), (700.0,280.0), (680.0,280.0), (660.0,280.0), (640.0,300.0), (660.0,280.0), (660.0,260.0), (640.0,240.0), (640.0,220.0), (620.0,220.0), (620.0,200.0), (600.0,220.0), (600.0,200.0), (600.0,180.0), (580.0,180.0), (600.0,160.0), (600.0,140.0), (600.0,160.0), (600.0,180.0), (600.0,200.0), (580.0,200.0), (600.0,220.0), (600.0,240.0), (620.0,260.0), (620.0,280.0), (600.0,260.0), (580.0,260.0), (560.0,240.0), (560.0,220.0), (580.0,200.0), (600.0,180.0), (620.0,180.0), (600.0,200.0), (600.0,220.0), (620.0,240.0), (600.0,260.0), (600.0,240.0), (600.0,220.0), (600.0,240.0), (580.0,220.0), (600.0,200.0), (580.0,220.0), (600.0,200.0), (620.0,200.0), (600.0,220.0), (580.0,200.0), (560.0,220.0), (580.0,200.0), (560.0,180.0), (560.0,160.0), (540.0,160.0), (520.0,180.0), (520.0,200.0), (500.0,220.0), (480.0,240.0), (480.0,220.0), (500.0,200.0), (480.0,200.0), (500.0,220.0), (520.0,240.0), (540.0,260.0), (540.0,280.0), (520.0,280.0), (540.0,260.0), (560.0,280.0)

// Déplacements de l'unité terrestre 4 sur un horizon temporel (x_4^t, y_4^t) 
(680.0,620.0), (700.0,640.0), (680.0,620.0), (680.0,640.0), (660.0,640.0), (660.0,660.0), (640.0,640.0), (660.0,640.0), (660.0,660.0), (660.0,640.0), (680.0,640.0), (700.0,640.0), (680.0,620.0), (660.0,620.0), (660.0,600.0), (680.0,600.0), (660.0,580.0), (680.0,580.0), (700.0,580.0), (700.0,600.0), (720.0,580.0), (700.0,580.0), (700.0,560.0), (700.0,540.0), (700.0,560.0), (680.0,540.0), (680.0,520.0), (680.0,540.0), (680.0,560.0), (660.0,560.0), (640.0,540.0), (660.0,540.0), (660.0,520.0), (640.0,500.0), (660.0,520.0), (660.0,500.0), (680.0,500.0), (700.0,500.0), (700.0,520.0), (720.0,500.0), (740.0,500.0), (720.0,520.0), (700.0,500.0), (680.0,520.0), (660.0,520.0), (640.0,520.0), (660.0,540.0), (680.0,540.0), (680.0,520.0), (700.0,520.0), (680.0,540.0), (700.0,520.0), (700.0,500.0), (720.0,500.0), (700.0,520.0), (700.0,540.0), (720.0,560.0), (740.0,580.0), (760.0,580.0), (740.0,600.0), (740.0,620.0), (720.0,620.0), (700.0,620.0), (720.0,640.0), (740.0,640.0), (760.0,660.0), (740.0,680.0), (760.0,680.0), (760.0,660.0), (780.0,640.0), (760.0,660.0), (760.0,680.0), (780.0,700.0), (800.0,720.0), (780.0,700.0), (800.0,680.0), (780.0,660.0), (800.0,640.0), (780.0,640.0), (800.0,640.0), (820.0,660.0), (800.0,660.0), (780.0,640.0), (780.0,620.0), (780.0,640.0), (800.0,660.0), (800.0,680.0), (820.0,700.0), (840.0,720.0), (840.0,740.0), (820.0,720.0), (840.0,700.0), (860.0,680.0), (860.0,660.0), (860.0,680.0), (880.0,680.0), (860.0,660.0), (840.0,660.0), (820.0,660.0), (840.0,680.0)

// Déplacements de l'unité terrestre 5 sur un horizon temporel (x_5^t, y_5^t) 
(180.0,740.0), (180.0,720.0), (200.0,740.0), (200.0,760.0), (180.0,760.0), (160.0,740.0), (160.0,760.0), (140.0,740.0), (160.0,760.0), (140.0,780.0), (140.0,760.0), (120.0,760.0), (140.0,760.0), (160.0,780.0), (160.0,800.0), (160.0,780.0), (180.0,760.0), (160.0,760.0), (140.0,780.0), (160.0,760.0), (160.0,740.0), (140.0,760.0), (160.0,740.0), (180.0,760.0), (160.0,760.0), (180.0,740.0), (180.0,720.0), (160.0,700.0), (180.0,720.0), (180.0,740.0), (160.0,740.0), (140.0,760.0), (120.0,780.0), (100.0,780.0), (80.0,800.0), (60.0,780.0), (40.0,760.0), (20.0,780.0), (20.0,800.0), (20.0,780.0), (40.0,760.0), (60.0,760.0), (40.0,760.0), (60.0,740.0), (40.0,760.0), (40.0,780.0), (20.0,760.0), (40.0,780.0), (40.0,800.0), (20.0,800.0), (20.0,780.0), (40.0,780.0), (60.0,780.0), (80.0,780.0), (60.0,800.0), (40.0,820.0), (20.0,820.0), (20.0,800.0), (40.0,820.0), (40.0,800.0), (60.0,800.0), (40.0,800.0), (60.0,800.0), (40.0,780.0), (40.0,800.0), (40.0,820.0), (40.0,800.0), (40.0,780.0), (40.0,800.0), (60.0,800.0), (80.0,820.0), (100.0,820.0), (100.0,840.0), (80.0,820.0), (60.0,820.0), (80.0,820.0), (60.0,840.0), (60.0,860.0), (80.0,840.0), (60.0,840.0), (40.0,860.0), (60.0,860.0), (40.0,860.0), (60.0,860.0), (80.0,880.0), (80.0,860.0), (80.0,880.0), (60.0,900.0), (80.0,880.0), (100.0,900.0), (120.0,900.0), (140.0,920.0), (120.0,940.0), (100.0,960.0), (80.0,980.0), (60.0,980.0), (40.0,960.0), (40.0,980.0), (20.0,980.0), (20.0,960.0)

// Déplacements de l'unité terrestre 6 sur un horizon temporel (x_6^t, y_6^t) 
(380.0,80.0), (400.0,100.0), (420.0,100.0), (400.0,120.0), (420.0,120.0), (400.0,140.0), (380.0,120.0), (400.0,120.0), (420.0,100.0), (440.0,100.0), (420.0,120.0), (420.0,140.0), (400.0,140.0), (400.0,160.0), (400.0,140.0), (420.0,120.0), (400.0,120.0), (380.0,100.0), (360.0,120.0), (340.0,140.0), (360.0,160.0), (380.0,140.0), (380.0,160.0), (380.0,140.0), (360.0,120.0), (340.0,100.0), (360.0,80.0), (380.0,100.0), (380.0,80.0), (400.0,80.0), (380.0,60.0), (400.0,40.0), (420.0,20.0), (440.0,20.0), (420.0,20.0), (440.0,40.0), (440.0,20.0), (420.0,20.0), (440.0,20.0), (460.0,40.0), (480.0,40.0), (500.0,20.0), (480.0,40.0), (460.0,60.0), (460.0,80.0), (440.0,60.0), (460.0,60.0), (440.0,80.0), (420.0,60.0), (440.0,80.0), (420.0,60.0), (420.0,80.0), (400.0,80.0), (380.0,60.0), (360.0,60.0), (340.0,60.0), (320.0,80.0), (340.0,60.0), (360.0,80.0), (340.0,80.0), (320.0,80.0), (300.0,100.0), (300.0,120.0), (300.0,140.0), (280.0,140.0), (260.0,160.0), (260.0,140.0), (240.0,120.0), (240.0,140.0), (220.0,140.0), (220.0,120.0), (220.0,100.0), (200.0,100.0), (220.0,100.0), (200.0,100.0), (220.0,80.0), (220.0,100.0), (240.0,120.0), (220.0,120.0), (240.0,100.0), (240.0,80.0), (260.0,60.0), (280.0,60.0), (280.0,40.0), (280.0,20.0), (260.0,20.0), (240.0,40.0), (260.0,60.0), (260.0,40.0), (260.0,20.0), (240.0,20.0), (260.0,20.0), (260.0,40.0), (260.0,60.0), (280.0,40.0), (280.0,20.0), (260.0,20.0), (240.0,20.0), (260.0,20.0), (280.0,40.0)

// Déplacements de l'unité terrestre 7 sur un horizon temporel (x_7^t, y_7^t) 
(980.0,720.0), (980.0,700.0), (960.0,700.0), (980.0,700.0), (960.0,680.0), (960.0,700.0), (980.0,680.0), (960.0,680.0), (960.0,700.0), (960.0,680.0), (960.0,660.0), (940.0,660.0), (960.0,640.0), (980.0,660.0), (960.0,680.0), (980.0,700.0), (980.0,680.0), (960.0,700.0), (960.0,720.0), (960.0,740.0), (940.0,720.0), (940.0,740.0), (940.0,720.0), (960.0,740.0), (980.0,720.0), (980.0,740.0), (960.0,740.0), (980.0,740.0), (960.0,720.0), (960.0,700.0), (980.0,700.0), (960.0,720.0), (940.0,720.0), (920.0,720.0), (900.0,740.0), (880.0,760.0), (880.0,740.0), (860.0,740.0), (840.0,760.0), (860.0,780.0), (840.0,780.0), (840.0,760.0), (840.0,740.0), (820.0,740.0), (800.0,740.0), (780.0,720.0), (760.0,700.0), (760.0,680.0), (740.0,700.0), (720.0,700.0), (700.0,700.0), (700.0,720.0), (720.0,740.0), (700.0,760.0), (680.0,780.0), (700.0,780.0), (680.0,800.0), (680.0,780.0), (660.0,760.0), (680.0,760.0), (660.0,740.0), (640.0,740.0), (640.0,720.0), (660.0,740.0), (640.0,720.0), (640.0,700.0), (660.0,720.0), (680.0,700.0), (660.0,700.0), (680.0,680.0), (680.0,700.0), (700.0,700.0), (720.0,700.0), (700.0,700.0), (680.0,720.0), (660.0,720.0), (680.0,720.0), (680.0,740.0), (660.0,720.0), (640.0,700.0), (640.0,680.0), (620.0,680.0), (640.0,700.0), (620.0,700.0), (600.0,720.0), (600.0,700.0), (580.0,720.0), (580.0,740.0), (560.0,720.0), (560.0,700.0), (540.0,680.0), (540.0,660.0), (540.0,680.0), (520.0,660.0), (540.0,640.0), (540.0,620.0), (560.0,640.0), (580.0,620.0), (600.0,620.0), (620.0,640.0)

// Déplacements de l'unité terrestre 8 sur un horizon temporel (x_8^t, y_8^t) 
(980.0,300.0), (960.0,300.0), (980.0,300.0), (960.0,320.0), (980.0,300.0), (980.0,280.0), (980.0,260.0), (960.0,280.0), (960.0,260.0), (960.0,240.0), (940.0,220.0), (920.0,220.0), (940.0,200.0), (920.0,200.0), (900.0,220.0), (900.0,240.0), (880.0,220.0), (880.0,200.0), (860.0,220.0), (840.0,220.0), (840.0,240.0), (840.0,220.0), (840.0,240.0), (860.0,260.0), (860.0,240.0), (880.0,220.0), (860.0,240.0), (860.0,260.0), (880.0,260.0), (880.0,280.0), (860.0,280.0), (840.0,280.0), (820.0,260.0), (840.0,240.0), (840.0,220.0), (840.0,200.0), (860.0,200.0), (840.0,220.0), (860.0,200.0), (880.0,220.0), (860.0,200.0), (860.0,220.0), (860.0,200.0), (880.0,180.0), (880.0,160.0), (860.0,140.0), (880.0,120.0), (880.0,100.0), (880.0,80.0), (900.0,60.0), (920.0,80.0), (900.0,80.0), (880.0,60.0), (900.0,80.0), (880.0,100.0), (900.0,100.0), (900.0,120.0), (920.0,120.0), (940.0,140.0), (940.0,160.0), (940.0,140.0), (920.0,140.0), (940.0,140.0), (920.0,120.0), (940.0,100.0), (920.0,120.0), (900.0,120.0), (880.0,120.0), (860.0,140.0), (840.0,160.0), (820.0,180.0), (840.0,160.0), (860.0,180.0), (840.0,160.0), (820.0,140.0), (820.0,120.0), (820.0,100.0), (840.0,80.0), (860.0,60.0), (880.0,80.0), (860.0,80.0), (840.0,60.0), (840.0,40.0), (860.0,40.0), (880.0,60.0), (900.0,80.0), (920.0,60.0), (920.0,40.0), (920.0,20.0), (900.0,20.0), (880.0,20.0), (860.0,40.0), (840.0,60.0), (820.0,40.0), (840.0,20.0), (820.0,40.0), (800.0,60.0), (820.0,40.0), (820.0,60.0), (840.0,60.0)

// Déplacements de l'unité terrestre 9 sur un horizon temporel (x_9^t, y_9^t) 
(420.0,380.0), (440.0,360.0), (440.0,340.0), (460.0,360.0), (480.0,360.0), (460.0,360.0), (480.0,380.0), (460.0,380.0), (480.0,400.0), (500.0,400.0), (500.0,380.0), (520.0,380.0), (540.0,360.0), (520.0,340.0), (520.0,320.0), (540.0,320.0), (520.0,340.0), (500.0,340.0), (520.0,320.0), (520.0,340.0), (520.0,320.0), (520.0,340.0), (500.0,340.0), (520.0,360.0), (540.0,360.0), (520.0,380.0), (500.0,400.0), (500.0,420.0), (480.0,400.0), (480.0,420.0), (460.0,440.0), (440.0,440.0), (420.0,420.0), (400.0,400.0), (400.0,420.0), (420.0,440.0), (420.0,420.0), (420.0,400.0), (440.0,400.0), (440.0,420.0), (460.0,440.0), (440.0,460.0), (420.0,480.0), (400.0,480.0), (420.0,480.0), (420.0,460.0), (420.0,480.0), (440.0,460.0), (420.0,480.0), (440.0,460.0), (460.0,460.0), (480.0,480.0), (500.0,460.0), (480.0,460.0), (500.0,440.0), (480.0,420.0), (460.0,400.0), (440.0,400.0), (460.0,380.0), (480.0,360.0), (460.0,360.0), (460.0,340.0), (460.0,320.0), (440.0,300.0), (420.0,280.0), (400.0,280.0), (400.0,260.0), (420.0,260.0), (420.0,240.0), (400.0,220.0), (420.0,200.0), (400.0,220.0), (420.0,220.0), (440.0,240.0), (460.0,240.0), (460.0,220.0), (460.0,200.0), (440.0,200.0), (440.0,220.0), (460.0,240.0), (440.0,220.0), (420.0,240.0), (400.0,220.0), (380.0,220.0), (360.0,240.0), (360.0,260.0), (380.0,260.0), (360.0,260.0), (340.0,240.0), (320.0,220.0), (300.0,220.0), (300.0,200.0), (320.0,200.0), (300.0,180.0), (280.0,200.0), (280.0,220.0), (280.0,200.0), (260.0,220.0), (260.0,240.0), (280.0,220.0)

// Déplacements de l'unité terrestre 10 sur un horizon temporel (x_10^t, y_10^t) 
(160.0,920.0), (140.0,900.0), (160.0,920.0), (140.0,920.0), (160.0,920.0), (160.0,940.0), (160.0,960.0), (180.0,940.0), (200.0,920.0), (180.0,940.0), (180.0,920.0), (200.0,940.0), (200.0,920.0), (220.0,900.0), (200.0,900.0), (200.0,920.0), (220.0,900.0), (200.0,880.0), (180.0,860.0), (200.0,840.0), (180.0,820.0), (180.0,800.0), (160.0,820.0), (140.0,820.0), (120.0,840.0), (100.0,820.0), (100.0,840.0), (120.0,840.0), (100.0,860.0), (120.0,840.0), (100.0,820.0), (80.0,820.0), (100.0,840.0), (120.0,840.0), (120.0,820.0), (140.0,820.0), (120.0,800.0), (120.0,780.0), (100.0,800.0), (80.0,780.0), (100.0,780.0), (100.0,760.0), (120.0,760.0), (100.0,760.0), (80.0,780.0), (80.0,800.0), (60.0,800.0), (60.0,780.0), (40.0,780.0), (60.0,800.0), (40.0,780.0), (60.0,760.0), (40.0,760.0), (20.0,740.0), (20.0,720.0), (40.0,720.0), (60.0,720.0), (80.0,740.0), (60.0,740.0), (60.0,760.0), (80.0,760.0), (100.0,740.0), (80.0,760.0), (100.0,760.0), (80.0,760.0), (100.0,760.0), (80.0,760.0), (60.0,780.0), (60.0,800.0), (60.0,780.0), (80.0,760.0), (80.0,780.0), (100.0,760.0), (120.0,780.0), (100.0,780.0), (120.0,780.0), (120.0,760.0), (120.0,780.0), (120.0,760.0), (140.0,740.0), (160.0,740.0), (140.0,720.0), (160.0,740.0), (180.0,760.0), (160.0,740.0), (140.0,760.0), (160.0,760.0), (180.0,780.0), (160.0,800.0), (140.0,800.0), (120.0,820.0), (120.0,840.0), (100.0,820.0), (80.0,800.0), (100.0,800.0), (80.0,820.0), (100.0,800.0), (80.0,780.0), (100.0,800.0), (80.0,780.0)

