// Déplacements de l'unité terrestre 1 sur un horizon temporel (x_1^t, y_1^t) 
(740.0,160.0), (720.0,140.0), (720.0,120.0), (700.0,140.0), (700.0,120.0), (720.0,140.0), (700.0,140.0), (720.0,160.0), (700.0,140.0), (700.0,160.0), (680.0,180.0), (660.0,180.0), (680.0,200.0), (680.0,220.0), (660.0,240.0), (660.0,220.0), (680.0,240.0), (660.0,220.0), (660.0,200.0), (660.0,180.0), (680.0,180.0), (700.0,160.0), (680.0,180.0), (660.0,180.0), (640.0,160.0), (660.0,160.0), (680.0,140.0), (660.0,120.0), (680.0,140.0), (680.0,120.0), (680.0,140.0), (680.0,120.0), (680.0,140.0), (700.0,160.0), (680.0,160.0), (700.0,140.0), (720.0,140.0), (740.0,140.0), (760.0,120.0), (740.0,140.0), (760.0,160.0), (740.0,160.0), (720.0,140.0), (740.0,120.0), (760.0,120.0), (740.0,120.0), (760.0,100.0), (740.0,100.0), (720.0,80.0), (700.0,100.0), (720.0,100.0), (740.0,100.0), (740.0,80.0), (760.0,80.0), (740.0,80.0), (760.0,60.0), (780.0,80.0), (760.0,80.0), (780.0,100.0), (780.0,80.0), (780.0,100.0), (800.0,100.0), (820.0,120.0), (840.0,120.0), (860.0,100.0), (840.0,80.0), (840.0,100.0), (860.0,80.0), (840.0,80.0), (820.0,100.0), (840.0,80.0), (860.0,60.0), (860.0,80.0), (840.0,100.0), (820.0,100.0), (800.0,100.0), (780.0,100.0), (800.0,100.0), (780.0,120.0), (760.0,100.0), (780.0,120.0), (780.0,100.0), (760.0,80.0), (740.0,60.0), (720.0,40.0), (700.0,60.0), (700.0,80.0), (720.0,100.0), (700.0,120.0), (720.0,100.0), (720.0,120.0), (720.0,140.0), (700.0,140.0), (700.0,160.0), (720.0,180.0), (720.0,200.0), (720.0,180.0), (720.0,200.0), (700.0,200.0), (720.0,180.0)

// Déplacements de l'unité terrestre 2 sur un horizon temporel (x_2^t, y_2^t) 
(220.0,280.0), (240.0,280.0), (220.0,300.0), (240.0,280.0), (220.0,260.0), (200.0,280.0), (220.0,280.0), (240.0,260.0), (260.0,260.0), (260.0,240.0), (240.0,260.0), (260.0,260.0), (260.0,240.0), (260.0,220.0), (260.0,240.0), (260.0,220.0), (240.0,200.0), (260.0,180.0), (280.0,200.0), (260.0,180.0), (260.0,160.0), (260.0,180.0), (280.0,200.0), (280.0,180.0), (260.0,160.0), (240.0,140.0), (220.0,120.0), (200.0,140.0), (220.0,120.0), (200.0,120.0), (220.0,140.0), (200.0,140.0), (200.0,120.0), (220.0,140.0), (240.0,160.0), (220.0,140.0), (220.0,120.0), (200.0,140.0), (200.0,160.0), (200.0,180.0), (220.0,160.0), (220.0,180.0), (240.0,160.0), (220.0,140.0), (220.0,160.0), (220.0,140.0), (200.0,140.0), (200.0,120.0), (220.0,100.0), (200.0,100.0), (220.0,80.0), (240.0,60.0), (260.0,60.0), (240.0,80.0), (220.0,80.0), (200.0,100.0), (220.0,100.0), (220.0,80.0), (200.0,60.0), (220.0,40.0), (240.0,40.0), (220.0,40.0), (200.0,40.0), (200.0,20.0), (220.0,40.0), (220.0,60.0), (240.0,80.0), (220.0,100.0), (240.0,80.0), (260.0,100.0), (240.0,120.0), (260.0,140.0), (260.0,120.0), (280.0,120.0), (260.0,120.0), (240.0,120.0), (260.0,140.0), (240.0,160.0), (240.0,140.0), (260.0,120.0), (280.0,140.0), (280.0,160.0), (260.0,140.0), (260.0,160.0), (260.0,140.0), (260.0,120.0), (280.0,140.0), (260.0,120.0), (260.0,100.0), (280.0,120.0), (300.0,100.0), (300.0,120.0), (280.0,140.0), (300.0,120.0), (300.0,140.0), (320.0,120.0), (340.0,100.0), (340.0,80.0), (360.0,60.0), (380.0,40.0)

// Déplacements de l'unité terrestre 3 sur un horizon temporel (x_3^t, y_3^t) 
(440.0,580.0), (440.0,600.0), (460.0,620.0), (440.0,640.0), (460.0,640.0), (480.0,620.0), (460.0,620.0), (460.0,600.0), (480.0,600.0), (500.0,600.0), (480.0,620.0), (460.0,600.0), (460.0,620.0), (440.0,600.0), (440.0,580.0), (440.0,560.0), (420.0,540.0), (400.0,520.0), (380.0,520.0), (360.0,520.0), (340.0,500.0), (360.0,480.0), (360.0,500.0), (340.0,500.0), (340.0,480.0), (320.0,500.0), (340.0,500.0), (360.0,500.0), (360.0,480.0), (360.0,460.0), (380.0,440.0), (400.0,420.0), (420.0,400.0), (440.0,400.0), (460.0,400.0), (440.0,420.0), (440.0,440.0), (460.0,460.0), (440.0,440.0), (420.0,420.0), (400.0,440.0), (380.0,420.0), (380.0,440.0), (360.0,420.0), (380.0,400.0), (360.0,420.0), (380.0,440.0), (400.0,420.0), (400.0,440.0), (380.0,460.0), (360.0,440.0), (380.0,440.0), (360.0,460.0), (360.0,440.0), (360.0,420.0), (360.0,440.0), (360.0,460.0), (380.0,440.0), (360.0,440.0), (380.0,420.0), (380.0,400.0), (380.0,420.0), (400.0,440.0), (400.0,460.0), (380.0,440.0), (360.0,440.0), (340.0,440.0), (360.0,440.0), (360.0,420.0), (340.0,400.0), (340.0,420.0), (340.0,400.0), (320.0,420.0), (300.0,420.0), (280.0,440.0), (260.0,460.0), (260.0,440.0), (240.0,420.0), (220.0,400.0), (240.0,400.0), (240.0,380.0), (240.0,360.0), (240.0,340.0), (260.0,360.0), (280.0,380.0), (280.0,400.0), (260.0,420.0), (280.0,420.0), (280.0,440.0), (300.0,440.0), (280.0,420.0), (260.0,400.0), (280.0,380.0), (260.0,360.0), (240.0,340.0), (220.0,340.0), (200.0,360.0), (220.0,360.0), (200.0,340.0), (180.0,340.0)

// Déplacements de l'unité terrestre 4 sur un horizon temporel (x_4^t, y_4^t) 
(200.0,580.0), (200.0,600.0), (200.0,620.0), (200.0,640.0), (220.0,640.0), (240.0,640.0), (220.0,620.0), (220.0,600.0), (220.0,620.0), (200.0,620.0), (220.0,640.0), (220.0,620.0), (200.0,620.0), (180.0,640.0), (200.0,640.0), (220.0,620.0), (220.0,600.0), (240.0,620.0), (260.0,600.0), (240.0,620.0), (260.0,640.0), (280.0,620.0), (280.0,600.0), (280.0,580.0), (300.0,560.0), (320.0,580.0), (300.0,580.0), (320.0,560.0), (300.0,540.0), (320.0,560.0), (300.0,560.0), (300.0,540.0), (320.0,520.0), (340.0,520.0), (360.0,540.0), (360.0,520.0), (340.0,500.0), (320.0,480.0), (340.0,480.0), (320.0,460.0), (320.0,480.0), (320.0,500.0), (340.0,500.0), (360.0,520.0), (360.0,540.0), (340.0,520.0), (320.0,540.0), (300.0,520.0), (320.0,520.0), (300.0,520.0), (320.0,500.0), (340.0,480.0), (360.0,500.0), (360.0,480.0), (380.0,460.0), (360.0,480.0), (380.0,480.0), (380.0,500.0), (360.0,480.0), (380.0,480.0), (400.0,460.0), (420.0,480.0), (440.0,480.0), (460.0,480.0), (440.0,500.0), (460.0,520.0), (440.0,540.0), (420.0,560.0), (400.0,540.0), (380.0,560.0), (380.0,540.0), (380.0,520.0), (360.0,500.0), (340.0,500.0), (360.0,500.0), (380.0,500.0), (400.0,500.0), (380.0,480.0), (400.0,460.0), (400.0,440.0), (380.0,460.0), (400.0,460.0), (400.0,440.0), (420.0,460.0), (440.0,480.0), (460.0,500.0), (440.0,520.0), (440.0,500.0), (420.0,480.0), (420.0,500.0), (400.0,520.0), (420.0,520.0), (420.0,540.0), (440.0,520.0), (460.0,540.0), (460.0,560.0), (460.0,540.0), (440.0,520.0), (420.0,520.0), (420.0,500.0)

// Déplacements de l'unité terrestre 5 sur un horizon temporel (x_5^t, y_5^t) 
(480.0,960.0), (460.0,960.0), (440.0,960.0), (440.0,980.0), (460.0,960.0), (440.0,980.0), (420.0,960.0), (440.0,940.0), (460.0,960.0), (440.0,960.0), (460.0,980.0), (480.0,960.0), (480.0,940.0), (480.0,920.0), (500.0,940.0), (480.0,920.0), (500.0,940.0), (520.0,920.0), (540.0,920.0), (520.0,900.0), (500.0,920.0), (500.0,940.0), (500.0,960.0), (520.0,960.0), (500.0,980.0), (500.0,960.0), (520.0,960.0), (520.0,980.0), (500.0,960.0), (520.0,960.0), (520.0,940.0), (540.0,940.0), (520.0,940.0), (520.0,920.0), (520.0,940.0), (500.0,920.0), (500.0,940.0), (480.0,940.0), (500.0,940.0), (500.0,960.0), (520.0,940.0), (540.0,960.0), (540.0,980.0), (560.0,980.0), (560.0,960.0), (580.0,940.0), (560.0,940.0), (540.0,920.0), (560.0,920.0), (580.0,920.0), (580.0,940.0), (600.0,920.0), (580.0,920.0), (560.0,940.0), (540.0,940.0), (540.0,960.0), (520.0,980.0), (520.0,960.0), (540.0,960.0), (540.0,940.0), (560.0,940.0), (540.0,920.0), (560.0,940.0), (580.0,960.0), (600.0,940.0), (600.0,920.0), (580.0,940.0), (560.0,920.0), (540.0,940.0), (520.0,960.0), (540.0,980.0), (560.0,980.0), (540.0,960.0), (560.0,960.0), (580.0,960.0), (560.0,940.0), (540.0,920.0), (520.0,940.0), (540.0,960.0), (520.0,940.0), (500.0,960.0), (520.0,980.0), (520.0,960.0), (520.0,940.0), (500.0,960.0), (520.0,980.0), (520.0,960.0), (500.0,940.0), (480.0,940.0), (500.0,920.0), (520.0,900.0), (540.0,920.0), (520.0,920.0), (520.0,900.0), (520.0,920.0), (500.0,940.0), (480.0,960.0), (460.0,980.0), (480.0,960.0), (500.0,960.0)

// Déplacements de l'unité terrestre 6 sur un horizon temporel (x_6^t, y_6^t) 
(40.0,220.0), (60.0,200.0), (60.0,220.0), (60.0,240.0), (80.0,240.0), (60.0,260.0), (80.0,240.0), (100.0,240.0), (100.0,260.0), (120.0,260.0), (120.0,240.0), (140.0,240.0), (120.0,260.0), (140.0,280.0), (120.0,280.0), (100.0,260.0), (100.0,240.0), (120.0,220.0), (100.0,240.0), (80.0,240.0), (100.0,260.0), (100.0,240.0), (120.0,240.0), (100.0,240.0), (120.0,240.0), (100.0,260.0), (120.0,260.0), (100.0,260.0), (100.0,240.0), (120.0,220.0), (100.0,240.0), (120.0,240.0), (120.0,220.0), (120.0,200.0), (140.0,180.0), (160.0,180.0), (180.0,200.0), (180.0,180.0), (200.0,180.0), (220.0,160.0), (240.0,140.0), (220.0,120.0), (240.0,140.0), (260.0,160.0), (280.0,180.0), (300.0,160.0), (320.0,140.0), (320.0,160.0), (320.0,180.0), (300.0,180.0), (300.0,160.0), (300.0,180.0), (280.0,200.0), (300.0,220.0), (280.0,220.0), (300.0,220.0), (320.0,240.0), (340.0,260.0), (320.0,240.0), (340.0,220.0), (320.0,240.0), (340.0,220.0), (360.0,240.0), (360.0,260.0), (360.0,240.0), (360.0,220.0), (340.0,200.0), (340.0,220.0), (320.0,240.0), (300.0,220.0), (280.0,200.0), (260.0,220.0), (260.0,240.0), (240.0,240.0), (260.0,260.0), (240.0,260.0), (240.0,240.0), (260.0,220.0), (260.0,200.0), (260.0,180.0), (260.0,160.0), (260.0,140.0), (280.0,140.0), (260.0,160.0), (240.0,140.0), (260.0,120.0), (260.0,100.0), (260.0,120.0), (280.0,100.0), (280.0,120.0), (300.0,120.0), (280.0,140.0), (260.0,120.0), (260.0,140.0), (260.0,120.0), (280.0,140.0), (260.0,160.0), (240.0,140.0), (240.0,160.0), (240.0,180.0)

// Déplacements de l'unité terrestre 7 sur un horizon temporel (x_7^t, y_7^t) 
(220.0,80.0), (240.0,60.0), (260.0,60.0), (240.0,40.0), (220.0,20.0), (240.0,40.0), (260.0,40.0), (260.0,60.0), (280.0,60.0), (280.0,80.0), (280.0,100.0), (300.0,120.0), (300.0,140.0), (320.0,120.0), (300.0,120.0), (300.0,140.0), (320.0,140.0), (300.0,160.0), (280.0,180.0), (300.0,200.0), (320.0,220.0), (340.0,240.0), (320.0,260.0), (340.0,280.0), (360.0,280.0), (360.0,260.0), (380.0,260.0), (380.0,280.0), (400.0,280.0), (380.0,280.0), (400.0,280.0), (400.0,260.0), (380.0,240.0), (360.0,240.0), (340.0,220.0), (320.0,200.0), (340.0,220.0), (360.0,220.0), (340.0,240.0), (320.0,260.0), (340.0,280.0), (360.0,300.0), (360.0,280.0), (360.0,260.0), (380.0,240.0), (360.0,220.0), (340.0,240.0), (360.0,240.0), (380.0,220.0), (380.0,240.0), (360.0,240.0), (360.0,220.0), (360.0,240.0), (380.0,260.0), (380.0,240.0), (360.0,240.0), (340.0,220.0), (360.0,220.0), (360.0,240.0), (340.0,260.0), (320.0,260.0), (300.0,280.0), (280.0,260.0), (280.0,240.0), (260.0,240.0), (280.0,240.0), (260.0,220.0), (240.0,200.0), (240.0,220.0), (260.0,220.0), (260.0,200.0), (240.0,200.0), (220.0,200.0), (240.0,200.0), (260.0,220.0), (260.0,240.0), (240.0,240.0), (260.0,220.0), (280.0,200.0), (280.0,220.0), (280.0,240.0), (300.0,220.0), (300.0,240.0), (320.0,220.0), (300.0,220.0), (280.0,240.0), (260.0,220.0), (240.0,220.0), (220.0,220.0), (200.0,220.0), (220.0,200.0), (240.0,200.0), (240.0,180.0), (260.0,180.0), (280.0,160.0), (260.0,160.0), (240.0,140.0), (220.0,160.0), (200.0,140.0), (200.0,160.0)

// Déplacements de l'unité terrestre 8 sur un horizon temporel (x_8^t, y_8^t) 
(120.0,620.0), (140.0,620.0), (120.0,640.0), (120.0,620.0), (100.0,640.0), (120.0,620.0), (120.0,600.0), (140.0,600.0), (120.0,620.0), (140.0,620.0), (120.0,600.0), (100.0,620.0), (120.0,620.0), (140.0,640.0), (120.0,660.0), (140.0,660.0), (160.0,680.0), (160.0,660.0), (160.0,680.0), (180.0,660.0), (200.0,660.0), (180.0,660.0), (180.0,640.0), (180.0,660.0), (200.0,640.0), (200.0,620.0), (180.0,620.0), (180.0,600.0), (180.0,580.0), (200.0,600.0), (180.0,600.0), (200.0,620.0), (200.0,640.0), (200.0,620.0), (180.0,640.0), (160.0,620.0), (140.0,640.0), (120.0,640.0), (100.0,620.0), (120.0,640.0), (120.0,660.0), (120.0,680.0), (140.0,700.0), (160.0,700.0), (180.0,680.0), (200.0,680.0), (220.0,700.0), (220.0,720.0), (220.0,700.0), (200.0,700.0), (220.0,700.0), (200.0,720.0), (180.0,720.0), (180.0,740.0), (160.0,760.0), (160.0,740.0), (140.0,720.0), (120.0,720.0), (100.0,700.0), (100.0,720.0), (120.0,700.0), (120.0,720.0), (140.0,700.0), (160.0,700.0), (140.0,680.0), (160.0,680.0), (140.0,680.0), (120.0,680.0), (100.0,660.0), (100.0,640.0), (80.0,620.0), (80.0,600.0), (60.0,600.0), (40.0,600.0), (40.0,580.0), (20.0,560.0), (40.0,540.0), (40.0,560.0), (40.0,540.0), (40.0,560.0), (40.0,580.0), (60.0,600.0), (40.0,620.0), (60.0,620.0), (60.0,640.0), (40.0,660.0), (20.0,680.0), (40.0,700.0), (40.0,680.0), (40.0,660.0), (20.0,660.0), (20.0,680.0), (20.0,660.0), (20.0,640.0), (40.0,640.0), (60.0,640.0), (60.0,660.0), (60.0,640.0), (80.0,640.0), (100.0,640.0)

// Déplacements de l'unité terrestre 9 sur un horizon temporel (x_9^t, y_9^t) 
(360.0,800.0), (360.0,820.0), (340.0,820.0), (340.0,840.0), (320.0,840.0), (340.0,840.0), (360.0,840.0), (340.0,840.0), (320.0,860.0), (300.0,860.0), (320.0,880.0), (300.0,880.0), (300.0,860.0), (320.0,840.0), (320.0,860.0), (300.0,840.0), (320.0,840.0), (300.0,860.0), (300.0,880.0), (320.0,860.0), (320.0,840.0), (320.0,860.0), (320.0,840.0), (340.0,840.0), (320.0,820.0), (340.0,800.0), (340.0,780.0), (360.0,780.0), (360.0,760.0), (360.0,740.0), (340.0,760.0), (360.0,780.0), (340.0,760.0), (360.0,760.0), (340.0,760.0), (320.0,740.0), (340.0,740.0), (340.0,720.0), (320.0,700.0), (340.0,680.0), (360.0,660.0), (380.0,680.0), (360.0,700.0), (360.0,720.0), (340.0,740.0), (340.0,720.0), (320.0,720.0), (340.0,720.0), (340.0,700.0), (360.0,700.0), (340.0,680.0), (360.0,660.0), (340.0,640.0), (320.0,640.0), (340.0,660.0), (360.0,660.0), (340.0,680.0), (340.0,700.0), (360.0,700.0), (360.0,720.0), (340.0,740.0), (340.0,760.0), (360.0,780.0), (360.0,800.0), (380.0,780.0), (380.0,800.0), (360.0,780.0), (360.0,800.0), (340.0,780.0), (340.0,800.0), (340.0,820.0), (360.0,800.0), (380.0,820.0), (400.0,800.0), (380.0,780.0), (380.0,760.0), (380.0,780.0), (360.0,780.0), (380.0,800.0), (360.0,820.0), (380.0,820.0), (400.0,820.0), (420.0,800.0), (420.0,780.0), (400.0,760.0), (420.0,780.0), (440.0,800.0), (420.0,780.0), (400.0,760.0), (420.0,760.0), (400.0,760.0), (420.0,740.0), (420.0,760.0), (400.0,760.0), (380.0,780.0), (400.0,780.0), (380.0,800.0), (360.0,780.0), (340.0,780.0), (320.0,780.0)

// Déplacements de l'unité terrestre 10 sur un horizon temporel (x_10^t, y_10^t) 
(740.0,840.0), (720.0,860.0), (740.0,860.0), (720.0,840.0), (700.0,860.0), (700.0,840.0), (720.0,820.0), (700.0,840.0), (680.0,840.0), (660.0,860.0), (680.0,880.0), (680.0,900.0), (700.0,920.0), (680.0,920.0), (660.0,900.0), (660.0,880.0), (640.0,860.0), (660.0,880.0), (640.0,860.0), (640.0,880.0), (640.0,900.0), (660.0,900.0), (660.0,880.0), (640.0,880.0), (620.0,900.0), (640.0,880.0), (620.0,880.0), (600.0,860.0), (620.0,880.0), (600.0,860.0), (620.0,880.0), (620.0,900.0), (620.0,880.0), (640.0,860.0), (660.0,840.0), (660.0,820.0), (660.0,800.0), (680.0,800.0), (660.0,820.0), (680.0,840.0), (700.0,860.0), (720.0,840.0), (740.0,860.0), (760.0,840.0), (740.0,840.0), (740.0,860.0), (740.0,880.0), (720.0,880.0), (740.0,900.0), (720.0,880.0), (720.0,900.0), (700.0,880.0), (720.0,900.0), (700.0,880.0), (720.0,880.0), (700.0,880.0), (720.0,860.0), (720.0,840.0), (700.0,860.0), (680.0,880.0), (660.0,880.0), (680.0,900.0), (680.0,880.0), (660.0,860.0), (680.0,860.0), (680.0,880.0), (700.0,900.0), (680.0,920.0), (680.0,900.0), (660.0,920.0), (680.0,940.0), (680.0,960.0), (660.0,960.0), (680.0,940.0), (660.0,940.0), (660.0,920.0), (640.0,940.0), (660.0,940.0), (640.0,960.0), (660.0,940.0), (640.0,940.0), (620.0,920.0), (620.0,940.0), (640.0,940.0), (620.0,960.0), (640.0,940.0), (640.0,960.0), (640.0,940.0), (620.0,940.0), (600.0,960.0), (600.0,980.0), (580.0,980.0), (580.0,960.0), (580.0,940.0), (560.0,940.0), (540.0,940.0), (520.0,940.0), (540.0,920.0), (520.0,900.0), (540.0,880.0)

