// Déplacements de l'unité terrestre 1 sur un horizon temporel (x_1^t, y_1^t) 
(780,440), (780,460), (780,480), (760,500), (760,480), (740,460), (760,460), (780,440), (760,420), (760,400), (740,380), (760,360), (780,340), (760,340), (780,340), (800,360), (820,360), (800,380), (800,400), (820,400), (820,420), (840,420), (820,440), (800,460), (780,440), (800,420), (800,440), (780,420), (760,440), (740,440), (740,460), (760,460), (780,460), (760,480), (760,500), (780,520), (760,540), (780,540), (800,540), (820,540), (840,560), (860,580), (880,560), (860,580), (880,580), (900,560), (880,540), (860,560), (860,540), (840,540), (840,520), (860,500), (860,480), (860,460), (840,440), (840,420), (820,440), (840,440), (820,460), (800,480), (780,460), (800,480), (800,500), (820,520), (800,520), (780,540), (760,560), (760,540), (780,560), (760,580), (780,560), (800,580), (820,560), (800,580), (780,560), (760,560), (780,540), (800,520), (780,500), (760,520), (740,540), (740,520), (740,540), (760,540), (740,520), (740,540), (740,520), (760,540), (780,520), (760,540), (780,520), (760,500), (740,500), (720,500), (700,520), (700,500), (720,520), (740,500), (720,520), (740,520)

// Déplacements de l'unité terrestre 2 sur un horizon temporel (x_2^t, y_2^t) 
(100,320), (100,340), (80,320), (60,340), (80,360), (80,340), (100,360), (100,340), (100,320), (120,320), (140,300), (120,300), (120,280), (120,260), (100,240), (120,240), (120,260), (140,280), (120,280), (100,300), (80,320), (60,320), (40,320), (40,340), (20,360), (20,340), (40,360), (60,360), (40,360), (60,380), (60,360), (60,380), (80,380), (100,360), (100,380), (80,360), (60,340), (80,320), (80,300), (80,320), (60,340), (80,340), (80,320), (100,300), (80,280), (100,260), (80,280), (80,300), (80,280), (100,260), (120,280), (100,280), (100,260), (100,240), (120,240), (100,240), (120,220), (140,220), (120,200), (100,220), (120,240), (140,260), (120,280), (140,260), (120,260), (100,280), (120,280), (140,300), (160,280), (140,280), (140,300), (160,320), (160,300), (180,320), (180,340), (200,360), (200,380), (200,360), (220,340), (220,360), (240,340), (240,360), (260,380), (240,360), (240,340), (220,340), (240,360), (220,360), (240,380), (220,400), (200,400), (220,400), (240,420), (220,420), (240,420), (240,400), (220,420), (240,440), (220,440), (240,460)

// Déplacements de l'unité terrestre 3 sur un horizon temporel (x_3^t, y_3^t) 
(700,960), (680,980), (700,980), (720,960), (720,980), (700,980), (720,980), (720,960), (700,940), (680,940), (680,960), (700,960), (700,940), (720,920), (740,920), (740,940), (720,960), (720,980), (720,960), (740,980), (760,980), (780,960), (760,980), (760,960), (740,940), (720,920), (740,920), (760,920), (760,900), (760,880), (780,880), (800,860), (820,840), (820,820), (820,840), (800,820), (780,800), (800,780), (780,800), (760,780), (740,800), (720,800), (720,780), (700,780), (720,780), (700,800), (720,820), (720,840), (700,860), (720,880), (740,880), (720,880), (720,900), (700,880), (700,900), (720,880), (700,880), (680,860), (660,880), (680,900), (680,920), (700,940), (700,960), (680,940), (660,940), (680,960), (700,960), (720,940), (700,940), (680,960), (700,940), (680,940), (700,920), (720,900), (720,920), (700,900), (680,920), (700,940), (680,920), (680,940), (680,920), (700,920), (700,900), (680,920), (660,920), (640,940), (640,960), (660,980), (640,980), (640,960), (660,980), (680,960), (680,940), (700,940), (680,940), (700,940), (720,960), (700,980), (720,980), (740,960)

// Déplacements de l'unité terrestre 4 sur un horizon temporel (x_4^t, y_4^t) 
(220,520), (240,520), (240,540), (260,520), (280,500), (280,520), (300,500), (280,500), (300,500), (300,480), (320,480), (300,460), (280,460), (280,440), (260,440), (280,460), (260,460), (280,440), (300,460), (300,440), (280,440), (300,460), (300,480), (280,500), (260,500), (280,480), (280,500), (280,520), (300,500), (320,480), (340,480), (340,460), (320,480), (340,460), (320,480), (300,460), (320,460), (320,480), (320,460), (300,460), (320,440), (320,420), (300,420), (320,420), (340,400), (320,420), (340,420), (340,400), (340,420), (360,420), (360,440), (380,440), (400,460), (380,440), (380,420), (360,420), (380,400), (360,420), (360,400), (380,380), (400,380), (420,360), (400,380), (400,360), (400,380), (380,380), (360,400), (360,380), (340,380), (320,360), (340,360), (340,380), (360,360), (380,340), (380,360), (380,340), (400,360), (420,360), (440,380), (460,360), (460,340), (480,320), (480,340), (500,360), (480,360), (500,340), (500,360), (520,360), (500,340), (480,340), (460,360), (440,360), (440,380), (460,380), (440,380), (420,380), (400,400), (400,420), (380,420), (400,400)

// Déplacements de l'unité terrestre 5 sur un horizon temporel (x_5^t, y_5^t) 
(460,540), (480,540), (480,560), (500,580), (480,600), (480,620), (460,620), (460,600), (440,620), (460,600), (440,580), (440,560), (460,580), (460,560), (480,540), (500,560), (520,580), (540,580), (540,600), (520,580), (520,600), (500,580), (500,600), (520,620), (540,620), (560,600), (580,600), (600,580), (600,600), (580,600), (600,620), (600,640), (620,640), (600,660), (580,640), (600,660), (600,640), (620,660), (600,640), (620,620), (600,600), (620,580), (620,560), (600,540), (600,560), (580,580), (560,560), (580,580), (600,600), (620,600), (640,620), (660,600), (640,620), (620,620), (600,600), (580,620), (560,600), (580,580), (560,560), (540,580), (520,560), (500,560), (520,540), (500,560), (520,580), (540,560), (520,540), (540,540), (520,540), (500,540), (500,520), (480,500), (480,520), (460,520), (480,540), (460,520), (480,520), (500,540), (520,520), (500,500), (500,480), (500,460), (500,480), (480,500), (500,520), (520,500), (520,480), (540,500), (560,500), (580,520), (580,500), (560,520), (580,520), (560,500), (580,480), (560,460), (540,460), (540,480), (560,460), (540,440)

// Déplacements de l'unité terrestre 6 sur un horizon temporel (x_6^t, y_6^t) 
(260,280), (280,300), (300,280), (300,260), (320,240), (300,220), (280,220), (300,240), (300,260), (300,240), (300,220), (280,200), (300,200), (280,200), (280,180), (300,200), (280,200), (260,200), (240,200), (260,180), (280,160), (300,140), (320,140), (320,160), (320,140), (300,140), (320,120), (300,100), (280,120), (300,100), (280,120), (300,120), (300,100), (300,80), (280,60), (300,80), (300,100), (300,120), (320,100), (320,80), (320,100), (300,120), (300,140), (280,160), (260,160), (240,140), (220,140), (220,160), (200,160), (180,180), (160,160), (180,140), (160,140), (180,120), (200,140), (220,120), (240,140), (240,160), (260,140), (240,160), (220,180), (200,160), (180,180), (160,200), (140,200), (120,200), (140,220), (160,220), (140,200), (120,180), (140,160), (140,140), (140,160), (140,180), (160,200), (160,180), (140,160), (160,180), (180,200), (200,220), (180,240), (200,260), (180,240), (160,240), (140,220), (160,240), (140,220), (160,220), (180,240), (160,240), (160,220), (180,200), (160,200), (160,180), (140,180), (160,200), (180,200), (160,200), (140,180), (140,200)

// Déplacements de l'unité terrestre 7 sur un horizon temporel (x_7^t, y_7^t) 
(860,600), (880,620), (860,600), (860,620), (840,640), (820,640), (820,620), (800,600), (800,620), (820,620), (800,620), (780,620), (800,640), (820,640), (820,620), (840,640), (860,620), (860,600), (860,620), (840,640), (820,660), (820,640), (840,620), (860,620), (840,620), (840,640), (820,660), (800,640), (780,640), (760,660), (780,660), (760,680), (780,700), (760,720), (780,740), (800,760), (820,780), (800,780), (800,760), (820,780), (800,780), (780,760), (760,740), (740,740), (740,720), (760,700), (740,700), (720,720), (740,740), (720,760), (740,780), (760,800), (780,800), (800,800), (820,780), (840,800), (840,820), (860,800), (880,820), (860,800), (880,780), (900,800), (920,780), (940,800), (960,780), (960,800), (980,780), (960,800), (980,780), (960,800), (980,780), (960,780), (960,800), (980,820), (980,800), (980,820), (960,800), (980,800), (960,780), (960,800), (980,820), (960,800), (940,780), (940,800), (920,780), (940,760), (920,740), (900,740), (920,740), (940,720), (960,700), (940,700), (960,680), (960,660), (960,680), (980,680), (960,680), (980,700), (960,680), (980,700)

// Déplacements de l'unité terrestre 8 sur un horizon temporel (x_8^t, y_8^t) 
(440,200), (460,220), (440,220), (440,200), (420,220), (440,220), (420,240), (400,220), (420,240), (420,260), (440,240), (420,260), (400,260), (420,260), (400,240), (380,240), (360,220), (360,200), (380,180), (400,200), (420,200), (440,200), (460,200), (480,220), (460,200), (440,220), (440,240), (440,220), (420,200), (440,220), (440,200), (460,180), (480,180), (460,160), (480,160), (480,140), (500,120), (480,120), (460,120), (440,120), (420,100), (400,100), (420,80), (400,60), (400,40), (420,20), (400,40), (380,60), (360,40), (340,40), (340,20), (360,40), (340,40), (360,40), (380,20), (380,40), (360,20), (340,20), (360,40), (340,60), (320,80), (300,60), (280,60), (260,60), (240,60), (260,80), (280,60), (300,80), (320,60), (320,40), (320,20), (340,20), (340,40), (360,20), (340,20), (320,20), (340,20), (340,40), (360,60), (360,40), (360,60), (340,40), (340,60), (360,60), (380,40), (400,60), (420,60), (400,60), (380,60), (400,40), (400,20), (380,40), (380,60), (400,60), (380,80), (380,60), (360,40), (360,60), (380,40), (400,40)

// Déplacements de l'unité terrestre 9 sur un horizon temporel (x_9^t, y_9^t) 
(260,100), (240,100), (260,100), (280,120), (300,140), (300,160), (320,180), (300,200), (320,180), (340,200), (320,180), (300,200), (300,220), (320,240), (320,220), (340,200), (320,200), (300,220), (280,220), (260,220), (280,240), (260,220), (240,240), (260,240), (280,220), (300,240), (280,220), (260,220), (240,200), (260,220), (260,200), (240,220), (260,240), (280,260), (260,260), (240,280), (260,260), (260,280), (240,280), (220,280), (240,300), (240,280), (240,260), (220,260), (200,280), (180,260), (180,280), (160,260), (140,240), (120,260), (120,280), (120,300), (140,300), (160,280), (180,300), (200,320), (220,340), (240,340), (220,360), (220,380), (200,380), (220,400), (200,420), (180,420), (160,400), (160,380), (140,360), (120,340), (140,360), (140,380), (160,380), (180,400), (160,380), (140,400), (140,380), (160,400), (140,420), (160,440), (140,420), (160,440), (160,460), (160,480), (180,480), (180,500), (180,520), (180,500), (180,520), (200,540), (180,540), (180,520), (180,500), (160,520), (160,500), (140,480), (120,480), (100,460), (120,460), (140,480), (120,500), (100,500)

// Déplacements de l'unité terrestre 10 sur un horizon temporel (x_10^t, y_10^t) 
(560,380), (560,400), (560,420), (540,400), (540,420), (540,440), (520,460), (500,480), (500,500), (480,500), (460,520), (440,500), (420,480), (420,460), (400,460), (420,460), (440,480), (460,500), (460,520), (480,540), (460,560), (480,580), (500,580), (520,600), (500,580), (480,580), (480,560), (500,560), (520,580), (540,560), (540,540), (540,560), (560,540), (580,540), (600,520), (600,540), (580,520), (580,500), (580,480), (580,460), (560,460), (560,440), (580,460), (560,440), (560,460), (580,460), (560,480), (560,500), (540,520), (540,500), (560,500), (580,500), (600,500), (620,480), (640,460), (640,480), (660,460), (640,480), (620,460), (620,480), (640,480), (660,480), (640,500), (640,520), (620,500), (640,480), (640,460), (660,440), (660,420), (640,400), (620,420), (640,400), (660,420), (640,440), (660,460), (640,440), (640,420), (640,400), (660,400), (680,420), (700,400), (700,420), (680,420), (700,400), (680,400), (680,420), (680,440), (680,460), (700,460), (720,440), (720,420), (720,400), (700,380), (720,360), (740,380), (720,380), (720,360), (700,380), (700,400), (720,400)

