// Déplacements de l'unité terrestre 1 sur un horizon temporel (x_1^t, y_1^t) 
(760,780), (780,760), (780,780), (760,800), (780,780), (780,760), (760,780), (760,760), (740,740), (760,760), (740,740), (740,760), (720,780), (720,800), (700,780), (680,780), (680,800), (680,820), (680,840), (700,820), (680,820), (700,840), (700,820), (720,800), (700,800), (720,820), (740,820), (720,840), (740,820), (740,840), (740,860), (760,840), (760,860), (740,880), (740,860), (740,840), (760,840), (780,860), (760,880), (740,900), (720,920), (740,940), (760,960), (760,980), (740,960), (760,960), (780,960), (800,940), (780,940), (780,920), (780,940), (800,940), (780,960), (780,980), (800,980), (820,960), (820,940), (840,920), (860,900), (880,900), (860,900), (840,880), (820,860), (820,880), (840,900), (860,920), (860,900), (880,880), (900,900), (900,880), (920,860), (920,880), (940,900), (960,900), (960,880), (960,860), (980,860), (960,860), (960,880), (960,900), (960,920), (980,940), (960,960), (960,940), (940,960), (920,940), (940,920), (940,900), (920,900), (940,880), (940,860), (940,880), (920,880), (900,900), (900,880), (920,880), (940,880), (920,900), (900,900), (880,920)

// Déplacements de l'unité terrestre 2 sur un horizon temporel (x_2^t, y_2^t) 
(520,700), (520,680), (520,660), (500,680), (520,700), (500,720), (480,720), (480,740), (460,760), (460,780), (480,780), (480,760), (460,780), (480,760), (460,760), (440,740), (460,760), (440,780), (440,760), (440,740), (440,720), (440,740), (420,760), (440,780), (460,780), (460,800), (440,820), (460,840), (460,820), (480,820), (500,800), (480,820), (500,800), (480,780), (480,800), (460,820), (480,820), (500,820), (500,800), (520,780), (500,780), (480,800), (460,780), (440,780), (420,780), (400,800), (420,820), (440,820), (440,840), (460,840), (480,820), (460,840), (440,860), (460,860), (440,880), (420,860), (420,840), (400,860), (380,880), (380,900), (360,880), (380,900), (400,880), (380,860), (360,840), (340,820), (360,840), (380,840), (380,860), (360,840), (380,840), (400,840), (400,820), (400,800), (380,800), (400,800), (380,780), (380,760), (380,780), (380,760), (380,780), (400,760), (400,780), (400,760), (380,780), (400,780), (420,800), (400,780), (420,760), (400,780), (380,800), (360,780), (360,760), (380,760), (400,740), (420,720), (400,700), (420,720), (400,740), (400,760)

// Déplacements de l'unité terrestre 3 sur un horizon temporel (x_3^t, y_3^t) 
(700,720), (700,700), (720,700), (700,700), (720,680), (720,660), (740,680), (740,660), (740,680), (740,700), (740,720), (720,700), (720,720), (720,700), (720,720), (720,700), (700,680), (720,700), (700,700), (680,680), (660,680), (680,700), (680,720), (700,720), (720,700), (700,720), (720,700), (740,720), (720,740), (700,760), (700,740), (680,720), (660,740), (660,720), (680,740), (700,740), (680,720), (700,740), (720,720), (700,740), (680,760), (660,780), (660,800), (680,800), (660,820), (680,840), (700,820), (680,820), (660,800), (680,820), (680,840), (660,860), (680,860), (680,880), (700,880), (680,880), (700,880), (720,860), (700,840), (680,840), (680,820), (660,800), (680,780), (700,780), (700,800), (680,800), (660,820), (680,800), (700,780), (680,800), (700,800), (700,820), (720,840), (700,860), (680,860), (700,840), (680,840), (700,820), (720,820), (720,840), (720,820), (740,820), (720,800), (700,780), (680,800), (680,780), (680,800), (680,780), (680,760), (700,760), (680,740), (700,760), (680,760), (700,760), (680,740), (680,760), (700,760), (700,740), (680,720), (660,720)

// Déplacements de l'unité terrestre 4 sur un horizon temporel (x_4^t, y_4^t) 
(960,260), (940,260), (920,280), (940,300), (960,280), (940,260), (960,280), (980,280), (980,260), (960,240), (940,220), (940,200), (920,180), (940,160), (920,180), (940,200), (920,180), (940,180), (920,160), (940,160), (920,180), (900,180), (880,180), (900,180), (920,200), (900,200), (880,200), (860,180), (840,160), (860,180), (880,200), (880,220), (860,200), (880,220), (900,220), (920,220), (940,200), (960,220), (940,200), (920,200), (940,180), (920,200), (940,200), (940,220), (940,240), (920,240), (900,220), (900,240), (880,220), (880,240), (860,220), (840,220), (820,220), (840,220), (860,220), (840,220), (840,240), (860,240), (840,220), (840,200), (860,220), (840,220), (840,240), (860,260), (840,240), (820,220), (800,200), (780,180), (760,180), (740,160), (720,140), (700,140), (700,160), (700,180), (700,200), (720,200), (740,200), (760,180), (780,200), (800,180), (820,160), (820,180), (840,160), (820,180), (820,200), (800,200), (820,220), (840,220), (840,200), (860,180), (860,160), (860,140), (880,140), (880,160), (900,160), (920,160), (900,140), (900,160), (880,140), (880,120)

// Déplacements de l'unité terrestre 5 sur un horizon temporel (x_5^t, y_5^t) 
(620,900), (640,920), (640,940), (620,920), (600,940), (580,940), (560,960), (580,980), (600,960), (600,940), (600,960), (600,940), (600,920), (580,920), (600,900), (600,920), (580,940), (560,920), (540,920), (560,940), (580,940), (600,960), (620,960), (600,940), (580,920), (600,920), (580,920), (560,940), (560,920), (560,900), (580,880), (560,860), (560,880), (580,900), (580,920), (560,940), (540,920), (520,920), (540,900), (540,880), (540,860), (560,840), (580,860), (600,880), (620,860), (640,840), (660,840), (640,820), (620,820), (620,840), (620,820), (600,820), (580,820), (560,800), (560,780), (580,800), (560,800), (540,820), (560,840), (580,860), (600,860), (620,860), (640,860), (660,840), (660,860), (640,880), (640,900), (620,880), (620,860), (640,840), (660,860), (640,840), (660,820), (680,800), (700,800), (680,820), (660,840), (660,860), (640,880), (620,880), (620,900), (620,880), (620,860), (620,880), (620,900), (620,920), (600,900), (600,880), (620,860), (640,840), (620,820), (640,800), (660,800), (680,800), (660,780), (660,760), (680,780), (700,780), (680,800), (660,820)

// Déplacements de l'unité terrestre 6 sur un horizon temporel (x_6^t, y_6^t) 
(740,480), (760,460), (740,440), (720,440), (700,460), (720,460), (740,480), (760,500), (780,520), (760,540), (760,560), (740,580), (760,560), (780,560), (760,580), (760,600), (740,620), (760,620), (740,600), (720,620), (700,600), (700,580), (700,560), (700,580), (700,560), (720,540), (740,540), (760,540), (760,520), (740,540), (720,520), (700,540), (720,520), (740,500), (760,520), (760,540), (780,520), (800,540), (820,560), (820,580), (840,600), (860,580), (860,560), (880,560), (860,560), (860,580), (840,600), (820,580), (820,600), (800,600), (820,580), (840,600), (860,600), (880,620), (900,620), (900,600), (880,620), (900,640), (880,620), (860,640), (840,640), (840,660), (860,680), (840,660), (860,640), (880,620), (900,620), (920,600), (900,620), (880,640), (900,660), (920,660), (940,640), (960,640), (940,620), (940,600), (920,620), (920,640), (900,640), (920,660), (920,640), (920,620), (940,640), (920,620), (940,620), (940,640), (960,640), (940,640), (960,640), (980,640), (980,620), (980,600), (980,580), (960,600), (960,620), (980,600), (980,620), (980,640), (960,640), (960,660)

// Déplacements de l'unité terrestre 7 sur un horizon temporel (x_7^t, y_7^t) 
(960,620), (980,620), (980,600), (960,580), (940,580), (960,600), (940,600), (920,580), (900,600), (900,620), (880,640), (880,660), (900,660), (880,660), (900,680), (900,660), (920,660), (940,660), (940,640), (960,660), (960,640), (980,640), (960,620), (940,620), (960,640), (940,660), (940,640), (960,660), (960,640), (960,660), (980,640), (980,620), (960,620), (940,600), (920,620), (900,640), (920,640), (920,660), (900,660), (880,660), (900,640), (920,660), (900,660), (920,660), (940,660), (960,680), (960,660), (940,660), (920,680), (920,660), (900,640), (920,620), (940,620), (920,620), (920,600), (920,580), (900,600), (920,600), (940,580), (960,600), (980,600), (960,600), (980,580), (980,560), (980,580), (960,580), (980,580), (960,580), (980,580), (960,600), (940,580), (960,600), (980,620), (960,620), (960,640), (940,620), (920,620), (900,620), (920,640), (900,660), (880,680), (860,700), (880,720), (860,720), (880,700), (900,680), (880,700), (900,700), (920,700), (920,720), (900,700), (880,720), (860,700), (840,680), (820,680), (800,680), (820,680), (840,700), (860,720), (840,700)

// Déplacements de l'unité terrestre 8 sur un horizon temporel (x_8^t, y_8^t) 
(540,460), (520,440), (540,460), (520,460), (540,440), (520,460), (500,460), (520,440), (500,460), (520,460), (540,440), (520,420), (520,400), (540,380), (520,380), (520,360), (520,340), (500,340), (480,320), (480,300), (460,320), (480,320), (460,340), (460,360), (460,380), (460,400), (480,380), (460,380), (480,360), (500,380), (480,400), (460,380), (480,380), (460,360), (440,340), (460,360), (480,340), (480,360), (500,380), (480,400), (480,420), (500,400), (520,380), (500,360), (480,380), (480,360), (460,360), (460,380), (480,400), (500,420), (480,420), (500,400), (480,380), (480,400), (500,400), (520,400), (500,400), (520,380), (540,360), (560,380), (540,400), (520,380), (520,360), (540,380), (540,400), (540,380), (560,360), (540,340), (520,340), (500,340), (500,360), (520,360), (500,380), (520,400), (540,420), (560,420), (580,400), (600,380), (620,380), (640,400), (620,400), (600,420), (620,440), (600,420), (600,440), (600,420), (580,420), (600,420), (600,440), (600,460), (580,460), (600,440), (580,420), (560,400), (580,420), (580,400), (600,400), (600,420), (580,400), (580,380)

// Déplacements de l'unité terrestre 9 sur un horizon temporel (x_9^t, y_9^t) 
(180,380), (200,400), (200,380), (180,400), (160,380), (160,400), (140,380), (140,400), (120,380), (140,400), (160,380), (140,380), (140,400), (120,400), (120,380), (120,400), (100,420), (100,440), (80,420), (100,420), (80,420), (60,440), (60,420), (60,440), (80,440), (100,420), (80,420), (60,440), (80,460), (60,440), (80,460), (60,480), (80,480), (100,460), (80,460), (100,480), (120,500), (120,520), (100,500), (100,520), (120,500), (100,480), (80,480), (80,500), (100,480), (100,500), (80,480), (100,460), (120,440), (120,460), (100,480), (120,480), (100,500), (120,480), (120,500), (100,500), (100,520), (100,540), (100,560), (80,580), (60,560), (40,540), (40,560), (20,560), (40,560), (20,540), (40,560), (20,580), (40,580), (40,560), (60,560), (80,540), (60,540), (40,520), (60,540), (80,560), (80,580), (100,600), (100,620), (100,640), (80,640), (80,660), (60,640), (80,640), (80,620), (100,640), (120,640), (140,640), (140,660), (120,680), (140,660), (120,660), (140,640), (120,640), (100,660), (100,680), (120,660), (120,640), (120,620), (140,640)

// Déplacements de l'unité terrestre 10 sur un horizon temporel (x_10^t, y_10^t) 
(660,40), (680,20), (660,40), (660,20), (640,40), (640,60), (640,40), (620,60), (620,40), (600,40), (600,60), (620,60), (640,80), (640,60), (620,80), (640,60), (620,80), (600,80), (620,60), (620,80), (640,80), (660,80), (640,80), (620,60), (620,80), (640,100), (640,120), (640,100), (640,120), (660,120), (660,100), (680,80), (660,100), (660,80), (640,100), (620,120), (620,140), (640,120), (620,140), (640,120), (620,100), (620,120), (640,100), (620,80), (620,100), (600,100), (600,120), (600,100), (580,80), (560,80), (560,100), (540,80), (520,80), (540,80), (540,60), (540,80), (560,60), (560,80), (580,60), (580,80), (600,60), (580,60), (580,80), (580,100), (600,100), (620,120), (640,140), (620,120), (620,140), (600,120), (600,140), (580,160), (580,180), (560,200), (540,180), (560,200), (560,220), (560,240), (580,260), (600,240), (620,220), (600,200), (580,200), (560,180), (560,160), (540,180), (560,160), (540,140), (540,120), (540,100), (560,80), (560,100), (540,80), (520,60), (520,80), (540,60), (520,60), (500,80), (520,60), (520,40)

