// Déplacements de l'unité terrestre 1 sur un horizon temporel (x_1^t, y_1^t) 
(840,120), (820,120), (800,100), (780,120), (780,140), (800,140), (820,160), (840,180), (860,180), (840,200), (840,180), (860,200), (860,220), (880,220), (880,240), (900,260), (920,240), (900,260), (880,260), (900,260), (900,240), (900,220), (900,240), (900,220), (920,200), (940,180), (960,160), (980,160), (980,140), (960,120), (960,100), (960,80), (960,60), (940,60), (920,40), (900,40), (920,60), (940,80), (960,80), (960,60), (960,80), (940,80), (960,80), (960,60), (960,40), (980,20), (980,40), (980,60), (960,60), (980,80), (960,80), (980,100), (960,80), (960,100), (960,80), (940,60), (960,80), (980,60), (980,80), (980,60), (960,80), (960,100), (960,120), (980,100), (960,120), (980,100), (980,120), (960,140), (940,140), (940,120), (960,140), (960,160), (980,160), (960,180), (960,200), (960,180), (960,160), (980,160), (960,160), (940,160), (940,180), (960,200), (960,220), (960,200), (940,200), (920,220), (940,200), (960,220), (980,220), (960,240), (940,240), (920,260), (940,260), (920,280), (900,300), (880,300), (860,300), (840,300), (860,320), (880,340)

// Déplacements de l'unité terrestre 2 sur un horizon temporel (x_2^t, y_2^t) 
(280,140), (300,140), (280,140), (300,120), (300,100), (320,80), (340,80), (340,60), (320,80), (300,80), (280,80), (280,100), (300,120), (300,140), (280,140), (260,140), (280,140), (300,140), (280,120), (280,140), (260,160), (240,140), (260,140), (240,140), (260,120), (260,100), (260,80), (240,100), (260,120), (280,100), (300,80), (300,100), (320,80), (300,100), (320,100), (300,120), (320,120), (300,140), (300,160), (300,180), (300,200), (320,220), (320,240), (340,220), (340,240), (340,260), (340,280), (360,260), (360,280), (380,300), (360,300), (340,280), (320,260), (300,280), (320,260), (320,240), (340,220), (320,200), (300,180), (300,200), (300,220), (320,200), (300,220), (300,200), (300,180), (280,160), (260,180), (240,200), (240,220), (220,240), (240,220), (220,200), (240,180), (260,200), (260,180), (240,200), (220,220), (240,240), (260,260), (240,280), (240,300), (260,320), (240,340), (260,360), (280,340), (300,320), (300,300), (320,320), (300,300), (280,280), (280,300), (300,300), (320,320), (300,340), (300,320), (320,320), (320,300), (300,320), (280,320), (300,340)

// Déplacements de l'unité terrestre 3 sur un horizon temporel (x_3^t, y_3^t) 
(40,780), (20,780), (20,760), (40,740), (60,740), (60,720), (60,740), (80,760), (100,740), (80,740), (60,720), (40,720), (60,700), (60,720), (40,740), (20,760), (20,740), (40,760), (20,780), (20,800), (40,780), (60,780), (80,800), (80,780), (100,780), (120,780), (120,800), (100,820), (120,820), (100,820), (80,820), (60,820), (60,800), (40,800), (60,820), (80,820), (100,840), (120,840), (100,840), (100,820), (80,840), (100,820), (120,800), (140,820), (160,820), (140,820), (120,800), (140,780), (160,760), (180,740), (180,720), (180,740), (160,720), (180,700), (160,700), (140,700), (160,680), (140,660), (160,640), (160,620), (140,620), (160,640), (180,640), (180,660), (160,660), (140,640), (140,660), (120,660), (120,640), (140,660), (160,660), (180,640), (180,620), (200,600), (220,580), (220,560), (220,580), (200,560), (220,580), (240,580), (220,600), (240,600), (240,620), (240,640), (260,640), (280,620), (300,600), (280,620), (300,640), (280,640), (260,640), (280,620), (260,620), (280,600), (280,580), (280,600), (260,620), (260,640), (240,660), (220,640)

// Déplacements de l'unité terrestre 4 sur un horizon temporel (x_4^t, y_4^t) 
(940,960), (920,960), (940,940), (920,920), (900,920), (880,940), (880,920), (900,920), (920,940), (920,960), (940,960), (960,940), (940,960), (920,940), (940,940), (940,960), (940,940), (920,940), (920,920), (900,920), (880,920), (900,900), (920,920), (920,900), (920,880), (900,900), (880,880), (860,900), (880,920), (880,940), (880,960), (860,940), (840,920), (840,940), (820,920), (840,900), (820,920), (820,900), (840,880), (820,900), (820,880), (840,880), (820,900), (800,880), (780,900), (760,920), (780,900), (780,880), (800,860), (820,860), (800,840), (820,820), (840,800), (840,820), (820,840), (820,820), (820,840), (820,820), (800,820), (780,820), (780,840), (760,840), (780,820), (800,800), (800,820), (780,840), (780,860), (780,880), (780,860), (800,840), (820,820), (800,840), (780,860), (800,840), (780,820), (760,820), (780,800), (800,800), (820,800), (800,820), (800,800), (820,820), (800,800), (800,780), (800,800), (820,800), (840,800), (820,780), (800,760), (820,760), (800,760), (820,740), (800,740), (780,760), (800,780), (780,800), (800,780), (780,760), (780,780), (780,760)

// Déplacements de l'unité terrestre 5 sur un horizon temporel (x_5^t, y_5^t) 
(880,500), (880,480), (900,500), (920,480), (940,460), (960,440), (960,460), (960,440), (980,420), (980,400), (980,380), (960,360), (940,360), (960,340), (940,320), (920,300), (900,320), (920,340), (900,320), (920,300), (920,320), (920,340), (900,360), (880,360), (860,340), (880,360), (900,340), (880,340), (880,320), (880,300), (860,320), (860,340), (860,320), (860,340), (880,320), (860,340), (860,320), (880,300), (860,280), (840,280), (840,260), (820,280), (840,300), (820,280), (820,300), (840,300), (820,300), (800,320), (820,340), (840,360), (860,340), (880,320), (860,300), (840,280), (820,280), (800,300), (780,300), (800,320), (820,300), (840,300), (860,320), (860,300), (880,320), (900,300), (920,300), (940,280), (940,260), (920,240), (940,220), (960,220), (980,220), (980,200), (980,180), (980,200), (960,200), (940,200), (940,180), (940,160), (960,140), (940,140), (920,140), (920,160), (920,140), (900,160), (920,180), (940,180), (920,200), (920,180), (920,200), (900,180), (900,160), (920,160), (920,140), (940,120), (960,100), (940,80), (920,60), (920,40), (900,40), (880,60)

// Déplacements de l'unité terrestre 6 sur un horizon temporel (x_6^t, y_6^t) 
(340,100), (360,120), (340,120), (360,140), (360,160), (360,140), (380,120), (360,120), (360,100), (360,120), (340,100), (340,120), (340,100), (360,120), (340,140), (320,140), (300,160), (280,160), (260,180), (240,180), (220,180), (220,200), (200,180), (220,160), (240,140), (240,160), (260,160), (280,160), (280,180), (260,160), (280,160), (260,180), (240,180), (240,200), (260,220), (240,240), (260,220), (280,240), (300,240), (280,260), (300,240), (320,260), (300,240), (320,240), (340,220), (320,240), (320,220), (320,240), (320,260), (320,240), (340,220), (320,200), (340,200), (320,200), (300,200), (320,220), (340,220), (320,200), (300,200), (300,220), (280,220), (260,240), (240,220), (240,240), (240,260), (240,240), (260,240), (260,220), (240,200), (260,180), (240,200), (220,220), (240,240), (260,220), (260,200), (260,220), (280,200), (280,180), (300,180), (280,180), (260,160), (240,160), (260,180), (280,200), (300,180), (280,160), (280,180), (260,180), (280,160), (260,160), (280,160), (280,180), (260,200), (280,220), (280,200), (280,180), (280,200), (260,200), (240,220), (260,240)

// Déplacements de l'unité terrestre 7 sur un horizon temporel (x_7^t, y_7^t) 
(400,460), (380,440), (400,440), (400,420), (420,400), (400,420), (420,440), (420,420), (420,440), (420,420), (440,420), (460,440), (440,420), (460,400), (460,420), (480,400), (460,400), (460,380), (480,360), (460,360), (480,340), (460,360), (440,380), (440,360), (440,340), (460,320), (440,320), (460,320), (460,340), (440,360), (440,380), (420,360), (420,340), (420,320), (440,300), (440,280), (440,260), (420,260), (440,280), (440,300), (440,280), (440,260), (440,240), (420,220), (440,220), (440,200), (420,220), (440,200), (460,220), (440,220), (440,200), (460,200), (460,180), (480,200), (460,200), (460,180), (460,200), (440,200), (460,180), (480,180), (500,160), (480,160), (460,160), (440,140), (460,140), (440,160), (420,160), (420,140), (420,160), (440,140), (420,140), (400,160), (380,160), (360,180), (360,160), (360,180), (360,160), (380,140), (400,140), (420,120), (420,100), (420,120), (400,140), (400,120), (380,140), (400,140), (400,120), (400,100), (380,100), (380,80), (380,100), (360,80), (360,60), (340,80), (360,100), (380,120), (400,120), (380,120), (360,100), (360,120)

// Déplacements de l'unité terrestre 8 sur un horizon temporel (x_8^t, y_8^t) 
(220,620), (200,620), (180,620), (180,640), (160,620), (160,600), (140,600), (160,600), (140,620), (120,620), (140,620), (160,600), (180,580), (180,600), (200,620), (220,620), (240,620), (240,600), (240,580), (220,560), (220,580), (220,600), (240,600), (240,580), (220,560), (220,580), (200,560), (200,580), (220,560), (200,540), (180,540), (180,560), (180,580), (200,560), (220,560), (200,540), (200,560), (180,560), (160,560), (180,540), (180,560), (200,560), (220,580), (240,600), (260,600), (260,620), (260,600), (280,620), (260,640), (260,660), (240,660), (260,640), (240,640), (260,620), (240,640), (240,660), (260,680), (240,660), (260,660), (260,640), (240,620), (240,600), (240,620), (240,640), (240,660), (220,660), (200,680), (220,680), (200,700), (180,680), (200,660), (180,640), (200,620), (180,600), (200,600), (180,600), (200,620), (200,640), (180,640), (160,640), (160,660), (160,680), (180,700), (160,680), (180,680), (200,660), (180,680), (200,700), (200,680), (220,680), (240,660), (220,680), (220,700), (200,720), (180,740), (200,740), (200,720), (220,700), (240,700), (260,700)

// Déplacements de l'unité terrestre 9 sur un horizon temporel (x_9^t, y_9^t) 
(40,640), (60,640), (40,640), (60,640), (80,640), (80,620), (100,600), (80,600), (100,580), (80,600), (60,600), (60,580), (60,600), (80,600), (80,580), (100,600), (80,580), (80,560), (60,560), (40,580), (60,560), (80,560), (80,580), (100,580), (100,560), (120,560), (100,580), (120,600), (140,580), (160,600), (180,580), (160,560), (140,560), (120,540), (100,560), (80,560), (60,580), (80,580), (100,560), (100,540), (120,540), (140,560), (160,580), (180,560), (180,580), (180,600), (200,600), (180,600), (180,580), (160,600), (180,600), (200,580), (220,600), (240,600), (220,600), (240,600), (220,580), (200,580), (200,600), (200,620), (180,640), (180,620), (180,600), (160,620), (180,600), (160,600), (140,620), (120,640), (140,620), (160,600), (140,580), (140,600), (140,620), (120,640), (100,660), (80,640), (60,660), (60,640), (80,640), (100,640), (80,640), (100,640), (120,620), (100,620), (120,640), (100,660), (120,660), (140,680), (160,700), (140,700), (160,700), (160,720), (180,720), (180,740), (200,760), (220,740), (240,720), (240,700), (260,680), (240,660)

// Déplacements de l'unité terrestre 10 sur un horizon temporel (x_10^t, y_10^t) 
(940,680), (940,700), (920,720), (940,700), (940,680), (920,660), (940,640), (920,620), (900,640), (880,620), (900,600), (900,620), (880,600), (860,620), (840,600), (860,580), (840,560), (840,580), (840,560), (840,540), (820,520), (800,500), (780,480), (780,460), (800,440), (780,420), (800,400), (820,380), (800,360), (820,340), (840,320), (860,340), (860,320), (880,300), (900,280), (920,300), (900,280), (920,280), (940,260), (960,240), (960,260), (940,280), (960,280), (960,300), (960,280), (980,300), (960,300), (980,320), (980,340), (980,360), (960,380), (980,380), (980,360), (960,360), (980,380), (980,360), (960,340), (960,320), (980,320), (960,340), (960,320), (940,340), (920,340), (900,340), (900,360), (920,360), (900,340), (920,320), (940,340), (940,360), (960,360), (940,380), (960,360), (980,360), (980,340), (960,320), (960,340), (940,320), (920,320), (940,340), (960,360), (940,380), (940,400), (920,400), (940,420), (960,440), (960,420), (980,420), (960,400), (980,380), (980,360), (960,360), (960,380), (940,400), (920,400), (940,420), (920,440), (920,420), (920,440), (940,460)

