// Déplacements de l'unité terrestre 1 sur un horizon temporel (x_1^t, y_1^t) 
(860,100), (880,80), (900,80), (900,100), (900,120), (920,120), (940,140), (960,140), (980,120), (960,120), (940,100), (940,120), (920,140), (920,120), (940,100), (960,80), (980,80), (980,60), (960,40), (980,40), (960,60), (960,40), (980,20), (960,20), (980,40), (960,20), (940,20), (960,40), (940,60), (920,80), (920,60), (900,40), (880,40), (860,40), (840,20), (860,20), (880,20), (900,40), (900,60), (880,80), (860,60), (880,80), (880,100), (900,100), (880,120), (860,100), (860,80), (840,100), (820,120), (820,100), (800,120), (820,100), (800,80), (820,80), (800,80), (780,60), (760,60), (760,80), (760,60), (780,60), (760,60), (780,40), (780,60), (800,60), (800,80), (780,60), (760,80), (740,100), (740,120), (740,140), (760,160), (780,140), (760,140), (740,120), (760,100), (780,100), (760,100), (760,120), (760,100), (740,80), (760,60), (780,80), (760,80), (760,60), (780,80), (800,60), (780,40), (780,20), (760,40), (740,20), (760,40), (740,60), (740,80), (720,60), (740,60), (720,40), (740,40), (740,20), (760,40), (760,60)

// Déplacements de l'unité terrestre 2 sur un horizon temporel (x_2^t, y_2^t) 
(540,460), (540,440), (560,460), (540,480), (540,500), (520,520), (520,500), (540,480), (560,500), (580,480), (560,500), (540,520), (560,520), (580,540), (600,560), (620,560), (600,580), (620,600), (640,620), (660,640), (680,620), (660,600), (660,620), (680,600), (700,620), (720,620), (720,600), (720,580), (700,580), (680,560), (660,540), (640,520), (640,540), (620,520), (640,500), (640,480), (640,460), (620,440), (600,440), (600,460), (580,460), (600,440), (620,440), (640,420), (640,440), (620,440), (640,460), (620,460), (640,480), (620,460), (600,480), (600,500), (580,480), (580,460), (560,480), (580,480), (580,500), (580,520), (560,500), (540,480), (520,460), (540,440), (560,440), (540,420), (520,400), (500,400), (500,420), (500,440), (520,440), (540,420), (520,400), (540,380), (520,380), (540,400), (540,380), (560,400), (540,400), (520,380), (500,380), (520,360), (520,340), (500,340), (480,320), (500,300), (480,320), (480,340), (460,360), (480,360), (500,360), (500,340), (480,340), (500,340), (520,360), (500,340), (480,320), (500,340), (520,360), (540,380), (540,400), (540,380)

// Déplacements de l'unité terrestre 3 sur un horizon temporel (x_3^t, y_3^t) 
(580,580), (600,600), (580,580), (560,600), (580,620), (580,600), (600,600), (600,620), (620,600), (640,620), (620,600), (600,600), (620,620), (600,620), (600,600), (580,620), (580,600), (560,600), (580,580), (580,600), (560,600), (580,580), (560,560), (540,560), (520,580), (500,580), (480,600), (460,580), (440,560), (460,540), (460,560), (480,560), (460,560), (460,580), (460,600), (460,620), (440,640), (460,660), (440,640), (440,660), (460,640), (440,620), (420,640), (440,640), (440,660), (460,680), (440,680), (420,660), (440,680), (420,680), (440,700), (460,680), (460,700), (440,720), (420,700), (440,720), (460,740), (480,720), (460,720), (440,720), (460,700), (460,720), (440,740), (440,760), (460,760), (460,780), (480,760), (500,780), (500,800), (500,820), (500,840), (520,820), (540,840), (520,860), (520,840), (500,820), (480,840), (500,820), (500,800), (520,780), (540,780), (560,800), (560,820), (560,840), (540,860), (560,880), (540,880), (560,880), (560,860), (560,880), (560,860), (580,860), (600,860), (600,880), (620,900), (640,920), (660,900), (680,920), (660,900), (660,880)

// Déplacements de l'unité terrestre 4 sur un horizon temporel (x_4^t, y_4^t) 
(520,560), (540,540), (540,520), (520,520), (520,540), (540,520), (520,540), (500,520), (480,500), (500,500), (500,520), (520,520), (540,540), (520,520), (520,540), (540,540), (540,520), (560,540), (540,520), (520,520), (540,540), (560,540), (540,560), (540,580), (560,560), (580,560), (560,560), (540,580), (540,560), (540,540), (540,520), (520,520), (540,520), (560,540), (580,540), (560,560), (580,540), (600,520), (580,500), (600,520), (620,540), (600,560), (600,540), (600,560), (580,540), (560,520), (580,500), (580,520), (580,540), (560,540), (580,560), (580,580), (580,600), (600,600), (580,620), (560,600), (580,620), (600,600), (620,580), (640,600), (660,580), (640,560), (640,580), (640,600), (620,580), (620,560), (640,560), (620,580), (600,580), (620,600), (640,580), (640,600), (660,620), (660,600), (640,600), (640,620), (660,640), (680,640), (700,640), (720,640), (740,660), (760,660), (780,660), (780,640), (800,640), (820,660), (840,640), (840,620), (820,620), (800,600), (800,620), (780,620), (760,600), (760,580), (780,600), (800,600), (820,620), (840,620), (820,640), (820,660)

// Déplacements de l'unité terrestre 5 sur un horizon temporel (x_5^t, y_5^t) 
(840,220), (860,200), (860,180), (880,180), (860,160), (880,160), (900,160), (920,140), (900,140), (920,160), (900,180), (880,160), (860,180), (860,160), (840,180), (840,200), (820,220), (840,200), (860,200), (860,180), (840,200), (860,200), (860,220), (840,240), (820,260), (820,240), (820,260), (840,260), (860,260), (880,260), (880,280), (900,280), (880,260), (900,280), (920,280), (900,260), (880,280), (860,280), (880,280), (900,260), (880,280), (900,260), (900,280), (880,280), (880,300), (900,280), (920,280), (920,300), (940,320), (960,340), (940,320), (920,320), (920,300), (920,320), (940,320), (940,300), (920,320), (920,300), (940,320), (940,300), (920,320), (920,300), (920,320), (940,320), (940,300), (920,300), (900,320), (900,300), (880,320), (860,300), (840,320), (840,300), (820,320), (840,320), (860,320), (880,300), (880,280), (860,260), (840,260), (820,260), (800,260), (780,280), (800,260), (800,240), (820,240), (800,220), (820,200), (800,180), (780,160), (800,160), (780,180), (800,200), (800,180), (800,160), (820,140), (840,120), (820,100), (800,120), (800,140), (800,160)

// Déplacements de l'unité terrestre 6 sur un horizon temporel (x_6^t, y_6^t) 
(840,180), (840,200), (860,220), (840,240), (840,220), (860,240), (840,220), (840,240), (860,260), (880,240), (880,220), (900,240), (920,240), (940,260), (920,260), (900,260), (900,240), (920,240), (940,240), (940,260), (960,260), (980,280), (980,300), (980,320), (960,320), (980,340), (960,320), (980,340), (980,320), (960,300), (960,280), (940,280), (920,260), (920,280), (900,260), (900,240), (920,260), (940,240), (920,220), (900,220), (900,200), (880,220), (860,240), (860,220), (880,200), (860,200), (880,180), (860,160), (860,140), (860,120), (880,100), (900,80), (880,80), (900,100), (920,120), (900,120), (900,100), (920,100), (920,120), (920,100), (940,100), (960,100), (940,120), (920,120), (900,100), (900,80), (920,60), (920,80), (920,60), (940,60), (960,60), (960,80), (940,80), (960,60), (960,40), (940,40), (920,40), (900,60), (920,80), (940,100), (920,100), (900,100), (920,80), (900,60), (900,40), (880,20), (860,20), (880,20), (900,20), (880,20), (860,40), (840,60), (820,60), (820,40), (820,20), (840,40), (860,40), (840,40), (860,60), (840,60)

// Déplacements de l'unité terrestre 7 sur un horizon temporel (x_7^t, y_7^t) 
(840,40), (860,60), (860,40), (880,60), (860,60), (860,40), (840,20), (860,40), (840,60), (820,60), (800,60), (820,60), (800,60), (800,40), (800,20), (780,20), (780,40), (760,20), (780,20), (800,20), (820,20), (820,40), (820,60), (820,40), (800,60), (780,40), (800,40), (820,40), (840,40), (820,20), (840,20), (820,40), (820,20), (840,20), (820,40), (800,20), (800,40), (780,20), (760,40), (760,60), (740,80), (720,100), (720,80), (700,60), (680,40), (680,20), (660,20), (640,20), (620,40), (640,20), (640,40), (620,40), (600,60), (600,80), (620,100), (600,100), (580,80), (600,100), (620,80), (640,60), (640,40), (620,40), (600,20), (580,20), (560,40), (560,20), (540,20), (560,20), (580,20), (560,20), (540,20), (520,40), (540,40), (520,40), (500,60), (480,80), (460,100), (440,100), (420,80), (400,60), (420,60), (440,80), (440,60), (420,40), (440,20), (460,20), (440,40), (440,20), (460,40), (460,60), (440,60), (440,80), (460,80), (460,100), (480,80), (460,100), (440,120), (440,100), (460,80), (460,60)

// Déplacements de l'unité terrestre 8 sur un horizon temporel (x_8^t, y_8^t) 
(360,80), (380,100), (360,120), (360,140), (380,160), (380,180), (360,180), (340,160), (320,140), (300,120), (300,140), (320,140), (320,120), (300,120), (280,120), (300,120), (300,100), (280,80), (260,60), (260,40), (260,60), (260,40), (280,60), (300,80), (320,60), (320,40), (340,20), (320,40), (300,60), (280,80), (300,60), (280,60), (280,80), (260,100), (260,80), (280,60), (260,40), (240,60), (260,80), (240,60), (260,40), (240,60), (260,60), (240,80), (220,80), (220,100), (200,120), (200,140), (220,140), (200,140), (180,160), (180,140), (160,140), (180,160), (180,180), (200,200), (220,200), (200,180), (220,160), (240,160), (220,160), (200,140), (220,140), (220,160), (240,160), (260,180), (280,200), (260,200), (280,220), (260,240), (280,240), (260,260), (260,280), (240,280), (220,300), (240,320), (260,320), (240,300), (260,320), (260,300), (280,280), (300,280), (280,280), (300,260), (280,260), (280,280), (300,280), (320,260), (320,240), (300,220), (280,220), (280,200), (280,220), (300,240), (280,220), (300,200), (320,220), (340,220), (340,240), (340,220)

// Déplacements de l'unité terrestre 9 sur un horizon temporel (x_9^t, y_9^t) 
(660,340), (660,320), (640,320), (620,300), (600,320), (620,340), (620,360), (620,340), (600,340), (620,320), (640,340), (620,320), (600,320), (580,300), (600,280), (620,300), (600,320), (580,300), (600,280), (580,300), (580,320), (560,300), (540,280), (540,260), (560,280), (580,280), (600,280), (620,260), (620,280), (620,260), (640,260), (660,280), (680,280), (660,300), (660,280), (640,280), (640,260), (660,240), (640,260), (640,240), (640,220), (640,200), (620,220), (620,240), (640,220), (620,240), (620,220), (600,220), (600,200), (600,220), (620,220), (640,200), (640,220), (620,220), (600,240), (620,260), (620,280), (640,260), (660,240), (680,240), (680,260), (700,240), (720,240), (740,240), (760,240), (740,260), (740,240), (720,260), (740,260), (720,280), (700,300), (720,320), (740,340), (720,360), (740,340), (760,340), (780,320), (760,320), (740,320), (720,320), (740,340), (760,340), (760,320), (760,300), (780,280), (800,260), (800,280), (780,260), (780,240), (800,220), (780,220), (800,220), (820,240), (800,260), (820,240), (800,240), (780,240), (760,240), (760,220), (780,220)

// Déplacements de l'unité terrestre 10 sur un horizon temporel (x_10^t, y_10^t) 
(800,400), (780,380), (760,380), (740,360), (760,380), (740,400), (720,420), (700,400), (720,400), (720,420), (740,440), (760,420), (740,420), (740,400), (720,380), (720,400), (740,380), (720,380), (700,360), (680,380), (700,360), (680,340), (680,320), (660,340), (640,340), (660,320), (640,320), (620,320), (620,340), (640,320), (660,320), (640,300), (660,300), (680,320), (700,320), (720,340), (700,340), (680,360), (660,380), (640,360), (660,340), (640,360), (640,380), (640,360), (660,360), (640,340), (640,360), (640,380), (660,400), (640,400), (620,400), (620,380), (640,360), (640,380), (660,380), (640,360), (660,340), (660,360), (680,360), (700,340), (720,360), (740,380), (720,360), (740,340), (720,360), (740,380), (740,400), (720,400), (720,420), (740,400), (720,420), (740,420), (720,440), (740,420), (760,400), (740,380), (720,380), (740,380), (720,380), (720,360), (740,360), (720,360), (740,340), (760,360), (780,340), (800,360), (820,340), (800,340), (780,360), (780,340), (780,320), (780,300), (760,300), (740,300), (740,320), (720,300), (720,320), (720,300), (740,300), (760,280)

