// Déplacements de l'unité terrestre 1 sur un horizon temporel (x_1^t, y_1^t) 
(380,60), (400,60), (380,60), (400,80), (400,100), (420,80), (400,60), (420,80), (400,80), (380,100), (400,80), (400,60), (380,40), (400,40), (380,20), (400,20), (380,40), (400,40), (380,20), (360,20), (360,40), (360,60), (340,80), (360,100), (380,120), (400,120), (380,100), (380,80), (360,60), (380,40), (360,40), (340,60), (360,40), (380,40), (400,60), (400,80), (420,100), (400,120), (420,120), (440,140), (460,120), (480,120), (500,120), (520,140), (540,140), (560,140), (540,160), (560,160), (580,140), (580,160), (580,140), (560,160), (540,160), (520,140), (540,160), (560,160), (580,140), (560,160), (540,140), (520,120), (540,120), (540,100), (520,100), (540,120), (520,100), (540,120), (540,140), (560,120), (580,120), (560,120), (580,120), (600,100), (600,80), (620,60), (600,40), (580,40), (580,20), (560,20), (580,40), (560,40), (540,40), (560,20), (580,20), (560,40), (580,60), (580,40), (560,60), (540,60), (540,80), (520,80), (520,60), (540,80), (520,60), (500,80), (520,80), (540,80), (520,100), (500,120), (520,100), (500,100)

// Déplacements de l'unité terrestre 2 sur un horizon temporel (x_2^t, y_2^t) 
(120,880), (120,900), (120,920), (140,940), (120,960), (140,980), (160,960), (160,980), (180,960), (160,960), (160,980), (140,960), (120,980), (140,980), (120,960), (140,980), (160,960), (140,980), (160,980), (180,980), (180,960), (200,960), (220,960), (240,940), (260,960), (240,960), (240,940), (240,960), (240,980), (260,980), (280,980), (300,980), (320,960), (320,940), (340,960), (340,940), (320,940), (340,920), (320,920), (340,940), (340,920), (360,920), (340,940), (320,960), (320,980), (340,960), (320,980), (340,960), (360,940), (340,920), (360,920), (360,900), (340,920), (360,920), (340,900), (320,900), (340,900), (320,880), (340,880), (360,900), (340,900), (360,880), (360,860), (380,880), (360,860), (340,840), (360,860), (340,840), (360,820), (360,840), (340,840), (320,860), (320,880), (320,900), (340,880), (340,900), (340,880), (340,860), (340,880), (360,880), (360,860), (340,860), (340,880), (340,860), (320,880), (320,900), (300,900), (280,920), (260,940), (280,920), (280,940), (260,920), (240,920), (220,940), (240,920), (220,900), (220,880), (240,860), (240,840), (260,820)

// Déplacements de l'unité terrestre 3 sur un horizon temporel (x_3^t, y_3^t) 
(500,200), (520,200), (500,180), (500,200), (480,220), (460,240), (440,220), (460,200), (480,200), (500,200), (480,180), (480,200), (480,220), (500,200), (480,180), (500,160), (520,160), (540,140), (560,160), (560,180), (540,200), (540,180), (520,200), (500,180), (500,160), (480,160), (480,140), (500,140), (500,160), (500,140), (500,160), (480,160), (500,160), (520,140), (520,120), (500,140), (500,120), (500,140), (520,120), (500,120), (480,140), (460,160), (460,140), (440,140), (460,160), (440,160), (460,160), (460,140), (440,160), (460,140), (460,120), (460,100), (480,100), (460,80), (440,60), (420,60), (440,80), (420,100), (400,80), (400,100), (380,120), (360,120), (360,140), (360,120), (360,140), (380,120), (380,140), (380,160), (360,160), (380,160), (360,160), (360,140), (340,120), (360,100), (340,80), (320,100), (340,100), (360,80), (340,80), (360,100), (340,120), (340,140), (340,120), (340,140), (320,160), (300,140), (320,140), (320,160), (300,160), (320,140), (300,120), (300,100), (280,120), (300,100), (280,120), (260,120), (240,100), (240,80), (220,60), (200,40)

// Déplacements de l'unité terrestre 4 sur un horizon temporel (x_4^t, y_4^t) 
(40,100), (60,100), (60,120), (40,120), (40,140), (40,160), (40,140), (60,140), (80,120), (60,140), (80,120), (80,140), (100,140), (120,140), (120,120), (100,140), (120,140), (120,120), (120,100), (100,100), (80,120), (100,140), (100,120), (100,140), (120,140), (100,140), (80,140), (100,160), (120,160), (120,140), (120,120), (100,100), (100,120), (120,140), (120,120), (140,140), (120,160), (120,180), (100,180), (120,180), (140,160), (120,180), (120,200), (120,180), (120,160), (100,140), (120,140), (140,140), (160,140), (140,140), (160,120), (140,120), (140,140), (160,160), (180,140), (160,140), (180,120), (160,120), (160,100), (140,80), (160,100), (160,120), (180,140), (160,120), (160,100), (140,100), (120,100), (120,80), (100,100), (100,120), (120,100), (140,120), (120,100), (140,120), (120,100), (100,120), (100,140), (120,120), (140,140), (160,160), (180,180), (160,200), (180,200), (180,180), (200,160), (180,180), (200,200), (200,220), (220,220), (240,220), (220,240), (220,220), (240,220), (220,200), (240,220), (240,200), (240,180), (260,200), (280,200), (260,220)

// Déplacements de l'unité terrestre 5 sur un horizon temporel (x_5^t, y_5^t) 
(80,680), (100,660), (100,640), (120,660), (100,680), (120,700), (140,700), (120,680), (100,680), (100,660), (120,660), (140,660), (160,660), (180,640), (180,620), (200,620), (180,600), (160,580), (160,600), (180,600), (200,600), (180,620), (180,640), (200,640), (180,620), (160,640), (140,620), (160,600), (160,620), (180,620), (180,600), (160,620), (160,640), (180,660), (160,680), (180,660), (180,640), (160,640), (140,660), (120,660), (100,640), (100,660), (100,680), (120,660), (120,640), (140,620), (160,640), (140,660), (140,680), (140,700), (140,680), (120,660), (140,640), (120,620), (100,600), (120,620), (100,600), (120,620), (140,600), (160,620), (140,640), (120,620), (140,600), (120,620), (140,640), (160,640), (160,620), (180,640), (200,640), (220,640), (240,620), (260,620), (280,620), (300,600), (320,600), (320,620), (320,640), (300,620), (300,600), (300,620), (280,640), (260,640), (240,620), (240,640), (240,620), (260,640), (280,640), (280,660), (260,660), (240,680), (220,660), (240,640), (220,640), (220,620), (240,640), (260,640), (280,660), (260,660), (280,660), (300,640)

// Déplacements de l'unité terrestre 6 sur un horizon temporel (x_6^t, y_6^t) 
(220,160), (200,140), (180,140), (180,160), (160,140), (140,140), (160,120), (160,140), (180,160), (180,180), (200,160), (180,160), (200,140), (180,160), (180,180), (160,160), (180,180), (160,200), (140,220), (160,240), (140,260), (160,240), (160,260), (180,260), (200,280), (220,300), (240,280), (260,300), (260,320), (240,320), (220,320), (200,300), (180,280), (160,300), (160,280), (140,300), (160,280), (180,260), (180,280), (180,260), (200,280), (220,280), (240,300), (220,300), (240,300), (240,320), (220,320), (200,320), (220,340), (200,320), (220,320), (200,320), (220,320), (200,320), (180,300), (160,280), (160,300), (180,300), (180,320), (160,320), (160,340), (160,320), (160,340), (140,320), (120,320), (140,300), (120,300), (100,320), (120,320), (100,320), (80,300), (60,280), (40,300), (60,280), (80,280), (60,260), (60,280), (80,300), (80,320), (100,300), (120,300), (140,280), (120,260), (120,280), (140,280), (140,260), (140,240), (140,220), (120,240), (100,220), (100,240), (100,220), (120,240), (100,220), (120,220), (140,240), (160,240), (140,220), (160,240), (140,240)

// Déplacements de l'unité terrestre 7 sur un horizon temporel (x_7^t, y_7^t) 
(240,80), (240,60), (240,40), (220,60), (240,60), (260,40), (260,60), (280,80), (260,100), (260,120), (240,140), (220,140), (220,120), (220,140), (220,160), (200,160), (200,140), (180,160), (200,160), (220,180), (200,160), (220,140), (240,160), (260,160), (280,180), (280,200), (260,180), (280,180), (300,200), (280,200), (260,220), (240,200), (220,220), (240,200), (220,180), (220,160), (200,180), (200,160), (220,140), (220,160), (200,160), (220,180), (200,180), (180,180), (200,200), (180,200), (200,200), (180,200), (160,180), (140,160), (120,180), (140,180), (120,180), (100,180), (80,180), (60,160), (40,140), (60,120), (40,120), (60,140), (80,120), (100,140), (100,160), (100,140), (80,140), (80,160), (100,180), (120,200), (100,220), (120,220), (140,240), (160,220), (140,220), (160,220), (180,200), (200,220), (180,200), (160,180), (160,160), (140,160), (160,160), (180,180), (180,200), (180,220), (200,200), (200,220), (220,220), (220,200), (220,180), (240,160), (220,140), (200,160), (200,180), (220,200), (240,200), (220,220), (240,240), (260,260), (280,240), (260,240)

// Déplacements de l'unité terrestre 8 sur un horizon temporel (x_8^t, y_8^t) 
(180,500), (180,480), (180,460), (200,440), (200,460), (220,440), (240,460), (220,480), (240,460), (220,480), (200,500), (220,480), (240,500), (260,480), (260,460), (260,440), (280,420), (260,400), (240,380), (220,380), (200,400), (220,380), (220,400), (220,380), (240,380), (220,380), (220,360), (220,380), (240,380), (260,400), (280,420), (300,420), (320,440), (300,420), (320,400), (320,380), (340,380), (320,380), (300,400), (320,420), (340,440), (360,420), (380,420), (400,440), (380,460), (360,440), (380,420), (360,440), (340,440), (320,440), (320,420), (340,440), (340,460), (340,480), (340,460), (360,480), (380,460), (400,460), (420,480), (400,480), (400,500), (420,480), (420,500), (440,500), (420,520), (440,500), (460,520), (480,520), (480,500), (460,500), (440,500), (460,480), (480,460), (480,440), (500,460), (480,480), (460,480), (440,480), (440,500), (460,480), (460,500), (480,520), (500,500), (480,500), (460,500), (440,520), (440,500), (420,480), (440,500), (460,500), (440,480), (460,460), (480,480), (500,500), (520,480), (540,480), (540,500), (520,520), (500,540), (520,520)

// Déplacements de l'unité terrestre 9 sur un horizon temporel (x_9^t, y_9^t) 
(960,580), (940,580), (960,600), (940,620), (940,640), (960,620), (980,600), (960,580), (980,560), (980,580), (980,600), (980,580), (980,600), (980,620), (980,600), (960,620), (980,640), (980,660), (960,640), (980,620), (980,640), (960,640), (960,620), (980,600), (980,620), (960,600), (980,580), (960,560), (940,580), (940,560), (920,580), (940,580), (960,580), (980,600), (960,620), (940,620), (920,640), (900,620), (920,620), (940,620), (960,620), (960,600), (980,620), (980,640), (960,660), (980,640), (960,640), (960,660), (960,640), (980,660), (960,680), (980,680), (960,660), (960,680), (960,660), (940,640), (960,620), (940,620), (960,640), (940,620), (960,600), (980,620), (960,640), (980,640), (960,660), (960,640), (980,620), (960,620), (980,620), (980,600), (960,620), (980,640), (960,640), (940,620), (920,600), (900,580), (920,560), (900,560), (880,540), (900,560), (920,540), (900,520), (920,540), (900,540), (900,520), (880,520), (860,520), (840,520), (820,540), (840,560), (860,580), (880,580), (900,560), (900,540), (880,540), (860,520), (840,520), (820,540), (840,560), (820,560)

// Déplacements de l'unité terrestre 10 sur un horizon temporel (x_10^t, y_10^t) 
(560,920), (580,920), (600,940), (580,960), (600,960), (620,980), (600,960), (600,980), (600,960), (620,980), (640,980), (660,980), (640,960), (640,980), (660,980), (680,980), (660,980), (680,980), (700,960), (700,940), (680,960), (660,940), (640,920), (620,900), (620,880), (640,880), (620,900), (640,900), (620,880), (640,880), (640,900), (660,880), (660,860), (660,840), (640,860), (660,880), (660,900), (640,920), (660,900), (660,880), (680,880), (660,860), (640,880), (620,900), (600,880), (620,860), (640,880), (620,880), (640,880), (660,860), (680,880), (700,860), (720,880), (720,900), (740,880), (740,860), (740,840), (720,820), (700,820), (680,840), (700,840), (680,820), (700,840), (700,820), (680,840), (700,860), (680,880), (680,860), (680,840), (660,840), (680,860), (680,880), (700,900), (680,900), (700,900), (700,920), (700,900), (720,880), (740,900), (760,880), (740,860), (720,880), (700,880), (680,900), (660,900), (680,880), (680,900), (700,880), (700,900), (680,920), (660,940), (640,920), (640,900), (660,920), (640,900), (640,880), (660,860), (680,840), (680,820), (680,800)

