// Déplacements de l'unité terrestre 1 sur un horizon temporel (x_1^t, y_1^t) 
(340,840), (320,840), (340,840), (360,860), (340,880), (340,860), (360,860), (360,880), (380,880), (400,860), (380,880), (380,860), (400,840), (400,820), (400,840), (420,820), (440,840), (440,820), (440,840), (460,840), (460,820), (460,800), (480,820), (480,840), (480,860), (460,880), (460,860), (460,880), (480,860), (500,840), (520,840), (540,860), (540,840), (560,860), (560,840), (580,820), (600,840), (580,840), (560,860), (560,840), (560,820), (560,840), (580,840), (560,820), (580,800), (580,820), (560,840), (540,820), (520,820), (540,820), (540,800), (540,780), (560,800), (560,820), (540,840), (540,820), (560,840), (540,820), (520,820), (540,800), (520,780), (540,780), (540,800), (560,800), (560,820), (540,840), (520,820), (540,840), (520,820), (500,820), (520,800), (500,780), (480,780), (500,760), (480,740), (460,720), (480,720), (480,700), (460,680), (460,660), (480,640), (500,620), (500,600), (500,620), (520,600), (500,620), (480,640), (480,620), (460,620), (460,640), (440,640), (460,620), (460,600), (460,580), (440,580), (460,580), (460,560), (440,560), (440,540), (440,520)

// Déplacements de l'unité terrestre 2 sur un horizon temporel (x_2^t, y_2^t) 
(580,980), (560,980), (560,960), (560,980), (580,980), (600,980), (580,980), (600,980), (600,960), (620,940), (640,960), (620,980), (640,980), (660,980), (680,980), (700,980), (700,960), (720,960), (720,980), (740,960), (760,980), (740,980), (760,980), (740,960), (720,940), (700,920), (720,900), (740,880), (720,900), (740,920), (720,920), (720,940), (720,920), (720,900), (720,880), (720,900), (740,880), (760,880), (740,900), (740,880), (760,860), (780,880), (800,860), (780,880), (800,900), (820,900), (840,880), (820,880), (820,900), (820,880), (800,880), (820,860), (800,860), (820,840), (800,860), (800,880), (780,880), (760,880), (740,900), (760,920), (780,900), (800,900), (800,920), (780,920), (760,940), (760,960), (780,980), (760,980), (780,980), (800,980), (780,960), (800,960), (780,940), (800,920), (780,940), (760,920), (740,900), (720,880), (700,860), (680,860), (660,860), (640,840), (620,820), (600,800), (620,780), (640,800), (620,780), (600,800), (620,780), (640,780), (660,780), (660,760), (660,740), (680,740), (660,740), (660,760), (660,740), (660,720), (640,740), (620,720)

// Déplacements de l'unité terrestre 3 sur un horizon temporel (x_3^t, y_3^t) 
(580,960), (580,940), (580,920), (600,920), (620,920), (620,940), (640,940), (660,940), (640,940), (640,960), (620,960), (600,940), (600,960), (580,940), (560,960), (540,960), (540,980), (540,960), (520,980), (500,960), (520,940), (540,960), (560,940), (540,940), (560,920), (540,920), (520,940), (500,940), (520,920), (540,940), (540,920), (540,940), (560,920), (560,900), (560,920), (580,940), (560,960), (580,980), (560,960), (560,940), (580,960), (600,960), (580,940), (600,940), (580,920), (600,900), (580,880), (560,860), (580,880), (560,900), (540,900), (560,920), (580,900), (600,920), (620,900), (640,920), (620,900), (620,880), (600,900), (620,880), (600,900), (580,920), (560,940), (540,920), (560,940), (540,920), (540,940), (560,960), (580,980), (580,960), (580,980), (580,960), (580,980), (580,960), (600,960), (600,980), (620,960), (620,980), (640,980), (620,980), (640,980), (660,980), (640,960), (620,980), (640,980), (620,960), (640,960), (660,960), (640,940), (640,960), (660,980), (680,980), (700,980), (680,960), (700,980), (720,960), (700,940), (680,920), (660,940), (640,940)

// Déplacements de l'unité terrestre 4 sur un horizon temporel (x_4^t, y_4^t) 
(740,340), (720,320), (700,320), (680,320), (680,300), (700,320), (680,300), (660,320), (680,320), (680,340), (700,340), (680,340), (680,360), (660,380), (640,360), (620,340), (600,320), (600,340), (600,320), (620,320), (620,340), (600,320), (620,340), (640,340), (620,340), (620,360), (600,340), (600,320), (580,300), (600,320), (620,340), (600,340), (580,340), (580,360), (580,340), (580,320), (600,340), (600,320), (620,340), (620,360), (640,340), (620,340), (600,360), (580,360), (600,360), (580,360), (560,380), (540,380), (540,360), (560,340), (540,360), (560,380), (580,380), (580,360), (600,380), (600,360), (600,340), (620,320), (640,300), (640,320), (660,320), (680,340), (680,320), (700,340), (680,340), (660,320), (680,300), (700,280), (680,260), (660,280), (660,300), (680,300), (660,300), (660,320), (640,300), (660,300), (640,300), (620,280), (620,300), (600,300), (580,280), (600,260), (620,240), (600,240), (580,240), (560,240), (560,220), (580,200), (600,200), (620,180), (640,180), (620,200), (600,200), (580,180), (600,200), (620,180), (620,160), (600,180), (600,200), (600,220)

// Déplacements de l'unité terrestre 5 sur un horizon temporel (x_5^t, y_5^t) 
(740,120), (720,140), (700,120), (680,140), (660,120), (660,140), (640,140), (640,120), (620,100), (640,100), (660,80), (680,60), (700,80), (680,60), (660,60), (660,40), (680,40), (660,40), (680,60), (700,40), (720,40), (720,60), (740,60), (760,60), (740,60), (720,80), (700,60), (700,80), (720,80), (700,100), (720,80), (700,80), (720,60), (700,40), (700,60), (700,40), (680,20), (680,40), (700,60), (700,40), (680,40), (680,20), (700,40), (680,40), (660,60), (680,40), (680,20), (680,40), (680,60), (660,60), (640,60), (660,60), (640,40), (620,20), (600,20), (580,20), (560,20), (540,20), (560,40), (560,20), (540,20), (520,40), (520,20), (500,40), (500,60), (520,60), (520,40), (500,20), (480,40), (480,20), (500,20), (480,40), (500,60), (520,60), (500,80), (520,100), (500,100), (480,80), (500,60), (520,60), (500,80), (520,60), (520,40), (520,60), (540,80), (540,100), (520,120), (520,100), (540,80), (540,60), (560,80), (540,60), (560,60), (580,80), (560,80), (580,60), (580,80), (560,100), (580,80), (560,80)

// Déplacements de l'unité terrestre 6 sur un horizon temporel (x_6^t, y_6^t) 
(160,680), (140,660), (140,640), (120,660), (140,660), (140,680), (120,660), (140,660), (160,640), (160,660), (140,660), (120,660), (140,680), (160,700), (180,720), (200,740), (180,720), (160,720), (160,700), (140,700), (160,720), (140,700), (160,680), (160,700), (160,680), (140,700), (120,680), (100,700), (100,680), (120,680), (140,680), (160,700), (160,720), (140,720), (160,700), (140,700), (160,700), (160,720), (140,740), (140,760), (140,740), (140,720), (160,700), (140,680), (160,680), (140,680), (120,700), (140,700), (160,700), (140,680), (140,700), (160,680), (180,700), (200,720), (200,740), (220,760), (200,780), (180,800), (180,780), (180,760), (160,760), (160,740), (140,720), (160,720), (140,720), (160,700), (160,680), (160,700), (160,680), (160,660), (140,660), (120,640), (120,660), (120,680), (120,660), (140,680), (140,660), (160,660), (180,660), (180,680), (200,680), (200,700), (180,680), (160,700), (140,680), (120,680), (100,660), (120,680), (140,660), (120,640), (120,620), (140,620), (120,600), (120,620), (100,640), (120,660), (140,640), (140,620), (160,620), (180,620)

// Déplacements de l'unité terrestre 7 sur un horizon temporel (x_7^t, y_7^t) 
(460,820), (440,800), (420,820), (400,800), (380,820), (400,800), (400,820), (420,840), (400,840), (420,820), (400,800), (420,800), (400,780), (400,800), (420,800), (420,780), (400,800), (380,820), (360,800), (360,820), (380,840), (400,860), (420,860), (420,840), (420,820), (420,840), (440,820), (420,800), (420,780), (400,760), (380,740), (360,720), (380,720), (400,700), (380,680), (400,660), (400,640), (420,640), (440,640), (440,660), (420,640), (440,660), (420,640), (400,620), (420,620), (420,640), (440,620), (420,640), (420,660), (440,640), (460,620), (460,640), (440,620), (460,640), (440,620), (440,600), (460,620), (480,620), (500,620), (480,640), (480,660), (480,640), (460,640), (440,620), (460,600), (480,600), (500,600), (500,620), (520,600), (520,620), (500,600), (520,600), (520,620), (520,600), (520,620), (520,640), (500,620), (520,640), (500,620), (480,620), (460,640), (460,620), (460,640), (460,620), (440,600), (460,620), (460,600), (440,600), (440,580), (460,600), (480,600), (480,620), (460,640), (460,660), (480,660), (460,640), (480,660), (460,640), (460,660), (440,640)

// Déplacements de l'unité terrestre 8 sur un horizon temporel (x_8^t, y_8^t) 
(140,160), (140,180), (120,160), (100,160), (120,140), (120,160), (140,160), (120,180), (140,200), (160,220), (140,200), (120,220), (140,200), (140,220), (160,200), (180,220), (180,240), (160,260), (140,240), (160,260), (160,280), (140,260), (120,240), (100,240), (100,260), (100,280), (100,260), (120,260), (100,280), (80,280), (100,280), (120,260), (100,280), (80,260), (80,280), (80,300), (80,320), (100,300), (80,280), (80,260), (60,280), (40,280), (20,300), (40,300), (20,280), (40,260), (40,280), (20,280), (40,260), (20,280), (40,300), (40,280), (20,260), (20,240), (40,220), (40,240), (20,260), (40,240), (60,260), (80,260), (60,260), (60,240), (80,260), (60,280), (80,280), (100,280), (120,300), (140,300), (120,320), (120,340), (120,320), (120,340), (120,320), (100,340), (120,360), (140,340), (140,360), (120,360), (140,380), (120,380), (140,400), (120,400), (140,420), (160,400), (180,400), (160,400), (180,400), (160,400), (160,420), (180,440), (180,420), (160,400), (140,380), (160,400), (180,380), (200,400), (200,420), (220,400), (240,420), (220,400)

// Déplacements de l'unité terrestre 9 sur un horizon temporel (x_9^t, y_9^t) 
(820,260), (820,280), (840,280), (860,280), (860,300), (860,280), (880,300), (900,320), (880,340), (880,320), (900,300), (900,320), (900,300), (880,280), (860,300), (840,300), (820,280), (800,260), (780,280), (780,300), (800,320), (820,320), (840,340), (860,360), (860,380), (840,360), (820,360), (820,380), (800,380), (820,380), (840,400), (840,380), (820,360), (800,360), (820,360), (840,380), (840,400), (860,420), (840,440), (840,460), (820,460), (840,480), (860,480), (840,480), (820,500), (840,500), (820,480), (820,460), (800,460), (820,460), (840,480), (820,480), (820,460), (800,440), (820,440), (800,460), (820,480), (800,480), (780,480), (760,500), (780,480), (800,500), (780,500), (780,480), (800,480), (780,500), (780,480), (800,500), (780,500), (780,520), (800,500), (780,500), (760,480), (740,500), (720,520), (720,540), (740,540), (740,560), (720,540), (720,560), (700,580), (720,560), (700,560), (680,540), (660,540), (640,560), (660,560), (680,560), (700,560), (680,580), (700,580), (720,560), (740,580), (760,580), (740,560), (720,540), (700,520), (680,500), (680,520), (660,520)

// Déplacements de l'unité terrestre 10 sur un horizon temporel (x_10^t, y_10^t) 
(280,60), (260,40), (280,60), (260,80), (280,60), (300,40), (300,20), (280,40), (300,60), (320,80), (300,100), (280,80), (280,100), (300,120), (300,100), (320,120), (300,140), (280,140), (300,120), (320,100), (340,100), (320,80), (340,80), (340,100), (360,100), (380,100), (400,100), (380,100), (360,100), (360,80), (340,80), (340,100), (360,120), (360,100), (380,100), (400,80), (400,60), (420,60), (400,60), (400,80), (380,80), (380,60), (360,80), (360,60), (340,80), (340,100), (320,80), (320,60), (300,60), (300,80), (280,80), (260,80), (240,80), (240,100), (260,80), (260,60), (240,80), (240,60), (260,80), (260,100), (240,100), (220,80), (200,80), (200,60), (200,40), (180,60), (200,60), (200,80), (180,60), (180,40), (200,20), (200,40), (220,60), (240,60), (220,60), (200,80), (220,100), (220,80), (200,100), (180,120), (200,140), (200,120), (180,140), (160,140), (140,120), (120,100), (100,100), (100,80), (100,100), (100,80), (120,80), (120,100), (100,100), (120,80), (100,60), (80,80), (60,100), (40,100), (20,120), (20,140)

