// Déplacements de l'unité terrestre 1 sur un horizon temporel (x_1^t, y_1^t) 
(180,840), (180,860), (200,860), (220,860), (240,840), (220,820), (200,800), (180,780), (200,760), (180,760), (160,760), (160,740), (140,720), (140,740), (120,720), (140,740), (120,760), (140,760), (120,780), (100,780), (120,760), (120,740), (140,760), (120,780), (140,800), (120,780), (140,780), (120,800), (140,820), (120,800), (100,780), (120,780), (100,780), (120,760), (120,780), (140,800), (140,780), (140,800), (120,780), (100,800), (100,820), (120,840), (100,860), (120,860), (140,880), (120,860), (120,880), (140,880), (140,860), (120,860), (100,860), (120,880), (140,880), (160,860), (140,880), (160,880), (140,880), (140,860), (140,880), (120,900), (100,900), (80,880), (80,900), (100,880), (120,860), (140,840), (120,840), (140,820), (120,800), (140,780), (120,780), (100,800), (100,780), (80,760), (100,740), (100,760), (80,780), (60,780), (40,760), (20,780), (40,760), (40,780), (20,760), (40,740), (60,720), (60,700), (80,700), (60,680), (60,700), (80,720), (100,700), (80,680), (100,700), (120,700), (100,680), (120,700), (140,720), (120,720), (120,700), (100,720)

// Déplacements de l'unité terrestre 2 sur un horizon temporel (x_2^t, y_2^t) 
(520,320), (540,320), (560,320), (580,340), (600,340), (580,340), (600,320), (600,300), (580,300), (560,320), (540,320), (540,300), (560,320), (580,300), (600,300), (580,320), (600,340), (600,360), (620,340), (620,360), (600,340), (620,320), (640,300), (620,320), (620,340), (620,360), (640,340), (620,340), (600,360), (580,380), (600,400), (620,400), (640,380), (640,400), (640,420), (660,420), (680,440), (660,440), (640,440), (660,460), (680,460), (660,480), (660,460), (660,440), (680,420), (680,440), (660,440), (640,420), (620,400), (640,400), (660,420), (660,400), (640,400), (660,400), (680,420), (680,440), (700,440), (720,420), (740,420), (760,420), (740,400), (740,420), (760,420), (740,400), (760,400), (760,380), (760,360), (740,340), (760,360), (740,360), (740,380), (740,400), (720,420), (720,400), (700,380), (720,380), (740,400), (740,420), (720,400), (740,400), (740,420), (740,440), (760,420), (740,420), (720,440), (720,460), (740,460), (760,480), (740,480), (720,500), (700,500), (720,520), (740,540), (760,540), (780,560), (800,580), (780,560), (800,540), (820,520), (840,500)

// Déplacements de l'unité terrestre 3 sur un horizon temporel (x_3^t, y_3^t) 
(860,760), (880,780), (900,760), (880,740), (900,740), (920,740), (920,720), (900,740), (900,760), (900,740), (920,720), (940,740), (960,720), (960,740), (960,760), (940,740), (940,760), (920,740), (940,740), (960,760), (940,740), (920,720), (920,700), (920,680), (920,660), (920,640), (940,660), (920,680), (940,700), (940,680), (920,660), (940,640), (940,660), (960,640), (960,620), (980,600), (960,600), (940,620), (960,620), (940,640), (920,620), (900,640), (880,640), (880,620), (900,600), (880,580), (880,600), (880,620), (860,600), (840,600), (820,580), (820,560), (800,580), (820,560), (800,560), (800,580), (820,560), (800,540), (800,520), (800,540), (780,560), (760,560), (780,540), (760,540), (780,560), (760,580), (740,580), (760,580), (740,580), (740,560), (720,540), (700,560), (720,540), (720,560), (700,560), (700,580), (720,580), (700,600), (720,620), (740,600), (760,620), (780,640), (780,660), (760,680), (780,660), (760,680), (760,700), (760,680), (760,660), (780,680), (760,680), (760,700), (740,720), (740,740), (760,760), (740,740), (760,760), (780,780), (760,760), (780,760)

// Déplacements de l'unité terrestre 4 sur un horizon temporel (x_4^t, y_4^t) 
(440,840), (460,820), (440,800), (420,820), (440,800), (460,780), (460,760), (440,740), (460,720), (460,740), (460,720), (440,720), (460,700), (440,720), (420,740), (400,720), (380,740), (400,760), (380,740), (360,760), (380,760), (380,740), (400,720), (400,740), (380,760), (380,780), (400,780), (420,800), (440,780), (420,780), (420,800), (420,820), (420,800), (420,820), (440,820), (420,820), (400,820), (420,820), (400,800), (420,800), (420,820), (440,820), (420,840), (440,860), (420,860), (400,860), (420,880), (440,860), (460,860), (440,860), (460,840), (480,820), (500,840), (520,860), (540,860), (560,880), (580,900), (560,900), (540,920), (540,940), (520,920), (500,920), (480,940), (500,960), (480,980), (500,980), (520,980), (500,960), (480,980), (500,960), (520,980), (500,980), (500,960), (520,940), (540,940), (560,960), (540,960), (540,940), (540,960), (520,940), (520,920), (500,900), (520,920), (520,900), (540,900), (540,920), (560,940), (580,960), (560,940), (540,920), (520,900), (540,900), (560,900), (540,900), (520,880), (500,860), (480,860), (480,840), (460,860), (440,860)

// Déplacements de l'unité terrestre 5 sur un horizon temporel (x_5^t, y_5^t) 
(240,340), (220,340), (200,320), (180,320), (200,340), (200,360), (220,380), (200,400), (200,420), (220,440), (240,420), (260,400), (240,380), (260,380), (260,360), (280,380), (300,380), (320,360), (320,340), (300,320), (320,340), (300,320), (320,320), (300,340), (300,360), (320,360), (320,380), (320,400), (340,380), (320,400), (320,420), (340,420), (320,420), (340,420), (320,420), (340,420), (320,400), (320,380), (340,380), (320,360), (340,340), (360,340), (360,320), (340,320), (320,320), (300,300), (320,280), (340,260), (360,280), (360,260), (340,240), (360,240), (340,220), (340,200), (360,180), (360,160), (380,180), (400,200), (400,180), (420,160), (420,180), (440,160), (460,180), (440,200), (460,180), (480,180), (480,200), (480,220), (500,220), (520,240), (540,260), (520,240), (540,260), (560,240), (540,220), (520,220), (500,220), (520,220), (500,220), (520,240), (540,220), (560,240), (580,220), (600,200), (580,180), (560,180), (540,200), (520,180), (500,160), (520,140), (500,120), (480,140), (500,160), (500,140), (500,120), (500,100), (500,80), (500,100), (520,80), (520,100)

// Déplacements de l'unité terrestre 6 sur un horizon temporel (x_6^t, y_6^t) 
(980,920), (960,920), (980,940), (960,960), (940,980), (920,960), (900,940), (880,940), (860,960), (860,980), (880,960), (860,980), (880,960), (860,980), (880,960), (860,960), (880,960), (900,980), (920,980), (900,980), (920,960), (900,960), (880,960), (900,960), (920,980), (900,980), (880,980), (900,980), (880,960), (900,940), (920,920), (920,900), (900,920), (900,940), (900,960), (920,960), (900,940), (920,920), (940,900), (960,900), (940,900), (940,920), (960,940), (980,920), (960,940), (980,960), (980,940), (980,960), (980,980), (960,960), (980,940), (960,940), (980,940), (980,960), (960,980), (960,960), (980,980), (960,980), (980,980), (960,980), (980,960), (980,980), (960,960), (940,940), (920,940), (940,960), (960,980), (980,980), (980,960), (960,960), (980,980), (980,960), (960,980), (980,960), (960,960), (960,940), (980,940), (980,960), (960,940), (940,940), (960,940), (940,920), (920,940), (940,960), (960,940), (960,920), (980,920), (980,900), (960,900), (960,920), (960,940), (960,960), (980,940), (980,920), (960,940), (940,920), (960,940), (980,920), (980,900), (980,920)

// Déplacements de l'unité terrestre 7 sur un horizon temporel (x_7^t, y_7^t) 
(420,580), (440,580), (440,560), (420,560), (440,560), (420,580), (400,580), (420,560), (420,540), (420,520), (440,520), (420,520), (400,540), (380,540), (400,520), (380,500), (360,500), (380,500), (360,520), (380,540), (360,560), (380,540), (380,560), (380,540), (400,540), (400,560), (420,540), (420,520), (420,540), (440,540), (440,520), (440,500), (420,520), (440,520), (420,540), (440,540), (460,560), (440,560), (420,560), (420,580), (400,580), (420,580), (400,600), (380,580), (360,600), (360,580), (360,600), (360,620), (380,620), (400,620), (380,620), (360,600), (340,620), (360,640), (380,640), (360,640), (340,620), (360,620), (340,640), (360,620), (380,600), (400,600), (400,620), (380,600), (400,600), (380,580), (360,560), (380,580), (360,560), (380,580), (400,580), (380,600), (360,620), (340,600), (340,620), (340,600), (340,580), (360,580), (340,560), (320,580), (300,600), (320,580), (300,600), (320,600), (300,600), (280,580), (300,580), (280,600), (260,600), (280,600), (280,580), (300,600), (280,620), (260,640), (280,620), (300,620), (280,640), (300,660), (300,640), (320,620)

// Déplacements de l'unité terrestre 8 sur un horizon temporel (x_8^t, y_8^t) 
(20,500), (20,520), (20,500), (20,520), (20,500), (40,480), (20,480), (40,500), (40,520), (20,540), (20,520), (20,500), (40,500), (40,480), (60,460), (40,440), (20,460), (40,440), (40,460), (60,440), (40,420), (40,400), (20,420), (40,440), (40,420), (60,440), (60,420), (80,400), (60,380), (40,400), (40,380), (20,400), (20,380), (40,400), (40,420), (40,400), (40,420), (60,440), (60,460), (40,460), (60,440), (80,440), (60,420), (40,440), (40,420), (40,440), (40,460), (20,480), (40,480), (20,500), (20,480), (20,460), (40,460), (20,480), (20,500), (40,520), (60,500), (80,500), (80,520), (60,500), (80,480), (80,500), (80,480), (60,500), (80,500), (100,480), (80,460), (60,460), (80,480), (80,500), (100,480), (80,480), (60,460), (60,480), (80,480), (100,460), (120,460), (140,440), (160,440), (160,460), (140,440), (120,440), (100,460), (120,480), (120,460), (100,440), (100,460), (120,440), (140,440), (120,440), (120,460), (120,480), (140,460), (160,480), (180,480), (160,460), (180,440), (180,460), (180,480), (160,460)

// Déplacements de l'unité terrestre 9 sur un horizon temporel (x_9^t, y_9^t) 
(60,160), (60,140), (80,160), (100,140), (100,120), (120,140), (120,160), (140,160), (160,160), (180,160), (200,160), (180,160), (160,180), (160,200), (180,200), (160,220), (180,220), (200,200), (180,200), (160,200), (160,180), (140,200), (160,200), (140,220), (120,220), (140,220), (160,200), (180,220), (200,240), (180,240), (160,260), (180,260), (200,240), (220,220), (200,220), (200,240), (200,260), (180,260), (200,280), (180,280), (200,260), (200,280), (180,260), (200,280), (200,260), (220,260), (240,260), (220,280), (200,260), (220,240), (220,220), (200,200), (220,220), (240,240), (260,240), (240,240), (220,220), (220,240), (240,260), (220,260), (220,240), (200,220), (180,240), (180,260), (200,280), (200,300), (200,280), (220,280), (240,260), (260,260), (240,240), (260,260), (260,240), (240,240), (220,260), (200,240), (220,240), (200,260), (180,240), (200,260), (180,260), (200,280), (220,300), (200,300), (180,300), (200,300), (180,280), (180,260), (180,280), (160,280), (180,280), (160,260), (140,260), (140,280), (140,260), (120,280), (120,300), (140,300), (140,280), (140,300)

// Déplacements de l'unité terrestre 10 sur un horizon temporel (x_10^t, y_10^t) 
(820,440), (820,460), (840,460), (860,440), (880,440), (900,420), (920,440), (900,440), (880,420), (860,400), (880,380), (900,380), (880,380), (880,400), (900,400), (880,380), (860,400), (840,420), (840,400), (840,380), (820,400), (840,400), (820,420), (800,440), (800,420), (780,420), (760,440), (740,460), (720,460), (700,440), (720,420), (720,400), (740,420), (760,400), (760,420), (780,420), (780,440), (800,420), (780,420), (760,420), (780,420), (760,400), (740,400), (760,380), (740,380), (760,360), (740,380), (760,360), (780,380), (780,400), (800,400), (780,400), (780,420), (800,400), (780,400), (780,380), (760,400), (740,400), (740,420), (760,440), (780,420), (760,400), (780,400), (780,420), (760,420), (760,440), (740,440), (740,460), (720,440), (720,460), (740,460), (740,440), (760,420), (740,400), (760,420), (780,400), (760,380), (760,360), (780,380), (780,400), (800,380), (800,400), (780,400), (800,380), (780,380), (800,400), (780,420), (760,400), (780,420), (760,440), (740,440), (760,420), (760,400), (740,420), (720,440), (700,460), (720,440), (700,440), (680,420), (660,400)

